   0
   1
   2
  12
  18
  19
  20
  21
  24
  26
  29
  34
  35
  37
  40
  46
  48
  49
  52
  53
  54
  55
  56
  57
  58
  59
  60
  61
  62
  63
  64
  65
  66
  67
  68
  69
  70
  71
  72
  73
  74
  75
  76
  77
  78
  79
  80
  81
  82
  83
  84
  85
  86
  87
  88
  89
  90
  92
  93
  96
  97
  98
  99
 100
 101
 102
 104
 105
 106
 107
 108
 109
 110
 111
 112
 113
 114
 115
 116
 117
 118
 120
 121
 122
 123
 125
 127
 128
 129
 130
 131
 133
 135
 139
 140
 150
 157
 158
 160
 165
 166
 167
 174
 179
 180
 182
 183
 192
 193
 194
 195
 196
 197
 198
 199
 200
 201
 202
 203
 204
 205
 206
 208
 210
 211
 212
 213
 214
 215
 216
 217
 218
 220
 221
 230
 232
 235
 240
 242
 255
 256
 257
 258
 259
 260
 261
 262
 264
 266
 268
 269
 270
 271
 275
 277
 279
 280
 284
 286
 287
 288
 291
 300
 301
 302
 304
 305
 306
 307
 308
 309
 310
 311
 312
 313
 314
 315
 316
 317
 318
 319
 320
 321
 322
 323
 324
 325
 326
 327
 328
 329
 330
 331
 332
 333
 334
 335
 336
 339
 340
 342
 343
 347
 357
 364
 366
 368
 369
 370
 371
 372
 373
 374
 375
 376
 377
 378
 379
 380
 381
 382
 383
 384
 385
 386
 387
 388
 389
 390
 391
 392
 393
 394
 395
 399
 400
 401
 402
 403
 404
 406
 407
 412
 413
 414
 420
 421
 426
 427
 430
 438
 439
 440
 441
 443
 444
 445
 446
 447
 448
 449
 450
 451
 452
 453
 454
 455
 456
 457
 458
 459
 460
 461
 462
 463
 464
 475
 476
 477
 478
 479
 480
 481
 482
 487
 492
 495
 499
 508
 510
 511
 512
 513
 514
 516
 517
 519
 521
 522
 524
 526
 527
 529
 544
 546
 547
 548
 552
 553
 560
 562
 563
 564
 565
 566
 567
 568
 569
 570
 571
 572
 573
 574
 575
 576
 577
 578
 579
 580
 581
 582
 583
 588
 590
 592
 593
 594
 599
 600
 601
 603
 604
 606
 609
 610
 614
 615
 616
 617
 620
 621
 623
 624
 625
 626
 627
 629
 630
 631
 632
 634
 636
 637
 638
 639
 640
 641
 642
 657
 661
 674
 681
 686
 687
 688
 690
 691
 692
 693
 699
 701
 703
 706
 718
 721
 729
 731
 738
 740
 742
 744
 747
 754
 758
 767
 768
 769
 786
 788
 795
 799
 810
 812
 815
 819
 821
 831
 832
 841
 846
 852
 866
 868
 869
 871
 873
 876
 877
 878
 879
 883
 886
 887
 890
 891
 893
 895
 897
 908
 915
 920
 924
 926
 927
 932
 933
 935
 943
 959
 981
 994
 999
1002
1003
1011
1017
1020
1022
1023
