   0
   1
   2
   4
   6
  13
  23
  26
  30
  44
  55
  56
  57
  64
  65
  66
  67
  68
  69
  70
  75
  76
  78
  87
  89
  94
  98
  99
 128
 129
 130
 131
 132
 133
 140
 141
 142
 143
 182
 188
 191
 192
 207
 220
 222
 237
 256
 257
 261
 262
 294
 319
 373
 384
 392
 437
 438
 448
 449
 450
 451
 452
 454
 457
 460
 512
 518
 523
 576
 577
 578
 579
 581
 582
 583
 595
 597
 598
 602
 633
 636
 638
 639
 640
 662
 667
 712
 715
 718
 802
 808
 831
 832
 844
 862
 879
 888
 889
 890
 957
 981
 992
1005
1007
1008
1022
1023
