   0
   3
   7
   8
  15
  17
  29
  30
  40
  46
  49
  58
  63
  77
  78
  90
  94
  97
 107
 109
 110
 112
 113
 124
 125
 127
 133
 141
 145
 147
 158
 161
 168
 172
 173
 177
 196
 197
 199
 210
 212
 213
 217
 219
 223
 227
 228
 229
 233
 237
 239
 242
 244
 248
 257
 258
 270
 283
 293
 294
 309
 310
 317
 319
 324
 349
 354
 368
 374
 375
 383
 387
 392
 397
 399
 413
 415
 416
 423
 430
 432
 434
 437
 441
 454
 460
 464
 467
 468
 472
 479
 483
 487
 502
 503
 518
 520
 527
 531
 539
 542
 544
 545
 557
 561
 567
 570
 572
 573
 581
 588
 590
 591
 592
 595
 598
 602
 605
 613
 614
 619
 621
 634
 638
 639
 640
 669
 673
 685
 692
 693
 695
 696
 700
 707
 710
 718
 719
 728
 733
 739
 753
 754
 758
 762
 764
 765
 773
 775
 799
 800
 805
 812
 815
 820
 822
 826
 827
 828
 829
 831
 832
 833
 838
 839
 841
 842
 843
 844
 846
 847
 855
 857
 868
 875
 882
 886
 887
 888
 889
 891
 892
 893
 894
 895
 896
 899
 900
 901
 904
 906
 907
 920
 921
 927
 938
 943
 944
 945
 948
 949
 951
 953
 954
 957
 958
 959
 961
 963
 967
 969
 983
 991
 993
 996
 997
 999
1004
1006
1008
1012
1013
1016
1018
1021
1022
1023
