   0
   1
   2
   4
   5
   6
   7
   8
   9
  11
  15
  16
  19
  25
  26
  35
  40
  55
  63
  64
  65
  70
  77
  87
  91
  98
 100
 113
 115
 118
 119
 121
 124
 127
 128
 129
 130
 131
 132
 133
 134
 135
 136
 138
 139
 141
 144
 145
 149
 151
 158
 160
 164
 168
 169
 171
 176
 181
 182
 184
 189
 190
 191
 192
 194
 197
 198
 202
 207
 222
 223
 227
 228
 229
 232
 235
 256
 257
 260
 262
 269
 276
 282
 285
 290
 292
 298
 300
 302
 306
 308
 312
 319
 320
 324
 326
 332
 334
 335
 338
 340
 345
 349
 354
 355
 356
 358
 359
 360
 361
 363
 368
 374
 375
 382
 384
 385
 390
 399
 401
 408
 410
 412
 418
 419
 422
 424
 434
 436
 440
 446
 447
 448
 449
 463
 469
 470
 471
 478
 484
 486
 490
 495
 496
 500
 512
 513
 514
 515
 516
 517
 520
 521
 522
 523
 524
 525
 528
 529
 530
 532
 533
 535
 539
 542
 546
 548
 554
 555
 556
 557
 559
 560
 562
 564
 567
 569
 570
 571
 572
 573
 575
 576
 578
 579
 583
 585
 595
 600
 602
 603
 611
 616
 625
 629
 637
 638
 639
 641
 646
 680
 685
 708
 709
 710
 717
 723
 744
 748
 763
 768
 769
 798
 799
 821
 825
 828
 831
 832
 833
 842
 877
 878
 882
 886
 897
 905
 919
 924
 926
 942
 975
 988
1003
