   0
   1
   2
   3
   6
   7
  10
  14
  15
  18
  21
  23
  47
  48
  50
  52
  53
  54
  56
  57
  58
  59
  60
  61
  62
  63
  64
  65
  72
  83
  95
 106
 115
 126
 127
 128
 129
 130
 133
 134
 142
 165
 178
 192
 194
 199
 203
 207
 212
 221
 237
 252
 256
 257
 261
 262
 264
 284
 316
 319
 321
 343
 365
 368
 375
 380
 383
 384
 388
 389
 390
 391
 392
 395
 397
 398
 399
 407
 415
 416
 430
 434
 436
 438
 439
 443
 444
 445
 447
 448
 449
 450
 455
 465
 491
 495
 505
 506
 510
 511
 512
 513
 514
 519
 520
 521
 522
 529
 530
 532
 539
 540
 549
 552
 555
 557
 575
 576
 577
 580
 608
 638
 639
 640
 658
 661
 663
 666
 670
 718
 746
 762
 771
 790
 827
 831
 832
 870
 898
 900
 908
 918
 963
 999
1009
1012
1013
1014
1015
1016
1023
