   0
   1
   2
   3
   4
   5
   6
  32
  36
  37
  38
  39
  40
  41
  43
  44
  45
  46
  47
  48
  49
  51
  52
  54
  55
  56
  57
  58
  59
  60
  61
  62
  87
  96
 101
 103
 108
 116
 117
 122
 127
 128
 130
 134
 135
 144
 150
 156
 158
 159
 164
 165
 171
 172
 175
 181
 186
 192
 194
 198
 199
 204
 206
 214
 256
 260
 262
 264
 265
 270
 271
 309
 320
 327
 331
 332
 333
 335
 338
 339
 340
 341
 342
 345
 349
 367
 371
 373
 375
 378
 380
 381
 383
 384
 385
 386
 387
 388
 389
 390
 391
 393
 394
 395
 396
 397
 398
 400
 402
 404
 405
 420
 423
 425
 429
 430
 431
 448
 449
 450
 452
 459
 462
 463
 464
 476
 486
 493
 496
 502
 508
 511
 512
 521
 522
 524
 525
 526
 528
 529
 530
 534
 570
 576
 577
 578
 579
 581
 585
 586
 587
 588
 589
 590
 593
 594
 598
 602
 603
 605
 607
 617
 637
 639
 657
 669
 678
 687
 700
 701
 703
 724
 725
 726
 740
 748
 759
 768
 773
 777
 778
 779
 783
 788
 800
 807
 809
 810
 815
 825
 828
 849
 857
 898
 903
 911
 917
 918
 919
 926
 935
 951
 955
 960
 965
 974
 992
 997
 998
 999
1002
1006
1007
1013
1023
