   0
   1
   3
   6
   7
   9
  10
  21
  29
  41
  69
  70
  72
  78
  82
  86
  87
  93
  95
  98
  99
 101
 110
 111
 112
 116
 120
 122
 124
 140
 141
 150
 152
 153
 160
 165
 167
 173
 176
 180
 185
 197
 199
 207
 208
 211
 214
 235
 241
 245
 253
 255
 256
 259
 266
 270
 283
 284
 289
 291
 295
 302
 310
 320
 346
 357
 388
 396
 399
 400
 412
 433
 434
 437
 443
 444
 446
 450
 452
 456
 461
 462
 468
 473
 476
 494
 502
 503
 515
 518
 526
 530
 533
 550
 555
 558
 561
 562
 563
 564
 566
 567
 573
 577
 582
 585
 586
 587
 588
 591
 594
 595
 606
 614
 615
 617
 621
 624
 631
 633
 634
 635
 636
 638
 639
 640
 665
 670
 674
 679
 681
 683
 687
 689
 690
 693
 694
 695
 697
 698
 699
 700
 701
 704
 708
 726
 728
 731
 733
 740
 741
 742
 743
 746
 749
 751
 752
 755
 756
 762
 765
 766
 767
 769
 788
 791
 793
 796
 798
 805
 811
 812
 817
 821
 826
 828
 829
 831
 832
 837
 845
 850
 852
 863
 864
 879
 880
 882
 885
 889
 892
 907
 919
 922
 933
 938
 956
 959
 962
 964
 965
 975
 980
 986
 988
 989
1000
1008
1010
1023
