   0
   1
   3
   4
   5
   6
   7
   8
  10
  12
  13
  14
  15
  16
  17
  23
  26
  27
  29
  31
  33
  38
  42
  43
  45
  46
  47
  48
  49
  50
  51
  52
  53
  54
  55
  56
  57
  58
  59
  60
  61
  62
  63
  64
  67
  69
  70
  79
  83
  84
  85
  87
  88
  90
  94
  95
  99
 100
 106
 112
 115
 116
 118
 119
 122
 124
 127
 128
 129
 130
 131
 138
 142
 143
 145
 150
 151
 158
 161
 164
 165
 167
 174
 179
 184
 192
 193
 194
 199
 200
 204
 209
 214
 215
 216
 220
 222
 223
 224
 226
 227
 228
 230
 237
 239
 248
 254
 255
 256
 257
 258
 259
 260
 261
 262
 263
 264
 265
 266
 267
 268
 269
 270
 271
 274
 277
 283
 284
 285
 287
 289
 290
 291
 292
 293
 294
 295
 296
 297
 298
 299
 300
 301
 302
 303
 304
 305
 306
 307
 308
 309
 310
 311
 312
 313
 314
 315
 316
 317
 318
 319
 320
 321
 322
 323
 324
 325
 326
 327
 328
 331
 333
 335
 336
 348
 350
 354
 356
 357
 358
 361
 366
 367
 368
 369
 370
 371
 373
 374
 375
 376
 377
 378
 379
 380
 381
 382
 383
 384
 385
 386
 388
 392
 396
 398
 400
 404
 407
 410
 412
 415
 416
 425
 429
 430
 435
 436
 438
 442
 443
 444
 445
 447
 448
 449
 450
 451
 452
 453
 454
 455
 456
 457
 458
 459
 460
 461
 464
 467
 470
 471
 474
 475
 481
 486
 493
 496
 500
 503
 507
 509
 512
 513
 514
 515
 520
 521
 522
 524
 531
 535
 539
 543
 551
 554
 557
 558
 559
 562
 563
 570
 574
 575
 576
 577
 578
 579
 580
 581
 582
 584
 585
 586
 587
 588
 589
 590
 591
 592
 594
 596
 607
 608
 612
 616
 617
 618
 619
 620
 621
 622
 623
 624
 625
 626
 627
 628
 629
 630
 631
 632
 633
 634
 635
 636
 637
 638
 639
 651
 662
 663
 664
 674
 678
 679
 685
 692
 694
 697
 700
 702
 704
 714
 724
 734
 739
 741
 748
 750
 763
 765
 767
 768
 774
 791
 793
 807
 810
 815
 817
 828
 829
 831
 832
 839
 843
 847
 850
 856
 861
 862
 863
 870
 871
 874
 876
 883
 884
 886
 887
 889
 896
 898
 899
 919
 927
 934
 936
 937
 942
 948
 957
 958
 967
 969
 974
 983
1010
1020
1022
