   0
   1
   7
   9
  10
  13
  27
  36
  37
  39
  43
  56
  60
  63
  64
  65
  67
  68
  69
  70
  71
  72
  73
  75
  76
  77
  78
  79
  81
  82
  86
  90
  95
  98
 100
 101
 102
 106
 108
 117
 118
 119
 121
 124
 125
 126
 127
 128
 129
 130
 131
 132
 133
 134
 135
 136
 139
 140
 141
 142
 143
 145
 146
 148
 149
 150
 151
 153
 156
 157
 161
 165
 166
 172
 173
 174
 176
 177
 178
 179
 181
 182
 183
 184
 185
 186
 187
 188
 189
 190
 191
 192
 193
 195
 196
 200
 208
 209
 213
 215
 217
 219
 222
 224
 232
 243
 251
 252
 254
 255
 256
 259
 260
 262
 265
 269
 271
 273
 274
 275
 277
 279
 281
 282
 283
 285
 286
 287
 289
 292
 293
 294
 296
 297
 299
 300
 306
 309
 310
 312
 315
 316
 318
 319
 323
 325
 326
 327
 329
 333
 340
 344
 365
 366
 367
 368
 371
 372
 375
 377
 378
 379
 380
 381
 382
 383
 384
 386
 389
 391
 395
 398
 399
 400
 401
 404
 405
 406
 407
 409
 410
 411
 412
 413
 414
 415
 416
 419
 425
 432
 433
 435
 436
 438
 439
 441
 442
 444
 445
 446
 447
 448
 449
 450
 451
 452
 453
 455
 456
 459
 461
 462
 464
 465
 466
 468
 469
 473
 474
 475
 481
 483
 485
 490
 492
 494
 496
 498
 501
 502
 503
 504
 506
 507
 508
 509
 510
 511
 512
 513
 514
 517
 519
 520
 522
 523
 524
 525
 526
 527
 528
 529
 531
 533
 534
 535
 537
 539
 540
 543
 546
 549
 550
 553
 555
 556
 557
 558
 559
 561
 562
 564
 566
 567
 570
 571
 573
 575
 576
 577
 578
 579
 580
 581
 582
 584
 585
 587
 589
 590
 591
 594
 597
 598
 599
 600
 602
 604
 606
 607
 608
 611
 613
 614
 622
 624
 626
 627
 632
 633
 634
 636
 637
 638
 639
 640
 642
 661
 662
 666
 669
 676
 683
 684
 687
 688
 689
 692
 693
 694
 696
 697
 698
 699
 700
 701
 704
 719
 722
 732
 737
 739
 740
 751
 759
 764
 767
 773
 785
 800
 801
 812
 821
 826
 831
 832
 833
 836
 854
 868
 871
 873
 877
 879
 882
 883
 884
 885
 886
 887
 888
 889
 892
 893
 896
 900
 902
 906
 908
 909
 911
 913
 915
 916
 919
 925
 926
 928
 931
 934
 935
 940
 947
 955
 956
 965
 979
 980
 982
 991
 998
 999
1000
1002
1004
1005
1008
1009
1010
1011
1014
1015
1018
1019
1021
1022
1023
