   0
   1
  45
  46
  53
  90
  92
 100
 122
 129
 130
 131
 140
 142
 150
 151
 164
 165
 181
 235
 236
 243
 264
 329
 340
 347
 391
 410
 418
 421
 422
 435
 449
 477
 507
 519
 570
 582
 583
 588
 596
 613
 614
 638
 640
 641
 660
 661
 677
 678
 696
 703
 709
 712
 713
 738
 743
 747
 754
 766
 767
 768
 781
 789
 790
 791
 792
 797
 831
 832
 833
 834
 835
 847
 857
 858
 863
 874
 883
 890
 891
 892
 893
 894
 895
 896
 902
 908
 916
 928
 936
 937
 939
 941
 942
 959
 960
 965
 967
 978
 979
 980
 987
 989
 990
 991
1021
1022
1023
