   0
   9
  28
  64
  68
  70
  88
 101
 102
 126
 151
 159
 166
 170
 181
 183
 188
 192
 197
 199
 227
 233
 243
 246
 249
 270
 272
 285
 319
 372
 384
 390
 406
 420
 421
 430
 439
 444
 448
 462
 466
 468
 484
 504
 506
 541
 544
 545
 564
 589
 595
 600
 607
 608
 619
 628
 640
 642
 648
 661
 663
 666
 669
 677
 679
 687
 690
 693
 694
 695
 696
 697
 698
 699
 700
 701
 702
 703
 704
 705
 706
 708
 731
 733
 748
 763
 764
 766
 767
 768
 770
 787
 806
 807
 810
 820
 823
 827
 828
 829
 831
 832
 845
 859
 862
 864
 895
 896
 904
 905
 927
 960
 961
 981
1000
1001
1006
1007
1023
