   0
   1
   9
  10
  14
  23
  25
  28
  30
  43
  53
  60
  61
  64
  68
  70
  77
  78
  88
 101
 102
 104
 107
 116
 117
 123
 124
 126
 127
 128
 132
 133
 138
 141
 142
 144
 151
 155
 159
 164
 166
 167
 169
 170
 172
 179
 180
 181
 183
 186
 188
 189
 190
 191
 192
 194
 196
 197
 199
 201
 205
 207
 208
 212
 218
 223
 225
 227
 229
 233
 236
 238
 239
 243
 244
 246
 249
 255
 256
 257
 263
 268
 270
 271
 272
 285
 300
 306
 311
 315
 318
 319
 327
 337
 342
 344
 346
 354
 364
 372
 374
 375
 379
 380
 382
 383
 384
 386
 387
 390
 395
 398
 406
 407
 414
 417
 419
 420
 421
 423
 428
 430
 431
 435
 436
 438
 439
 443
 444
 445
 446
 447
 448
 449
 452
 454
 456
 462
 466
 467
 468
 475
 478
 483
 484
 490
 504
 506
 512
 519
 520
 541
 544
 545
 552
 556
 564
 566
 567
 571
 581
 582
 588
 589
 590
 595
 598
 599
 600
 607
 608
 615
 619
 622
 623
 624
 627
 628
 639
 640
 642
 648
 657
 661
 663
 665
 666
 669
 675
 677
 678
 679
 680
 681
 684
 685
 686
 687
 688
 690
 691
 692
 693
 694
 695
 696
 697
 698
 699
 700
 701
 702
 703
 704
 705
 706
 707
 708
 709
 710
 711
 722
 725
 726
 731
 732
 733
 746
 748
 749
 750
 751
 761
 763
 764
 766
 767
 768
 770
 772
 775
 778
 779
 787
 789
 791
 794
 796
 797
 798
 799
 800
 801
 802
 803
 804
 805
 806
 807
 810
 813
 818
 819
 820
 821
 822
 823
 824
 825
 826
 827
 828
 829
 830
 831
 832
 834
 838
 839
 840
 844
 845
 856
 859
 861
 862
 864
 869
 870
 871
 874
 875
 876
 877
 883
 888
 889
 891
 893
 895
 896
 902
 904
 905
 908
 909
 914
 917
 925
 927
 929
 930
 931
 932
 941
 946
 947
 958
 959
 960
 961
 964
 965
 967
 972
 973
 980
 981
 987
 992
 993
1000
1001
1002
1004
1006
1007
1008
1015
1020
1023
