   0
   1
   2
  41
  44
  46
  54
  63
  64
  73
  77
  87
  91
 101
 115
 117
 122
 128
 145
 157
 167
 174
 190
 191
 192
 194
 198
 203
 206
 218
 220
 248
 251
 252
 253
 254
 255
 256
 257
 259
 265
 266
 268
 272
 293
 294
 295
 296
 304
 306
 307
 309
 310
 311
 313
 316
 317
 318
 319
 324
 326
 329
 332
 354
 355
 360
 364
 378
 381
 382
 383
 384
 404
 407
 408
 411
 427
 438
 448
 449
 461
 467
 485
 488
 490
 510
 512
 513
 524
 529
 534
 548
 560
 563
 570
 574
 576
 577
 597
 601
 602
 603
 604
 607
 609
 614
 638
 639
 640
 647
 661
 692
 697
 715
 759
 792
 796
 800
 803
 806
 813
 814
 822
 825
 831
 832
 833
 851
 855
 858
 864
 865
 873
 879
 881
 893
 897
 903
 924
 926
 934
 947
 960
 969
 972
 974
 979
 995
 999
1018
1023
