   0
   1
   6
  38
  47
  48
  51
  55
  61
  62
  64
  67
  75
  92
  95
  97
 120
 124
 125
 126
 127
 136
 137
 140
 142
 144
 148
 152
 172
 176
 177
 182
 183
 184
 186
 188
 189
 190
 191
 201
 205
 207
 216
 220
 221
 226
 228
 237
 238
 244
 255
 260
 261
 262
 268
 269
 271
 280
 283
 285
 301
 314
 316
 317
 318
 319
 322
 326
 342
 344
 349
 350
 352
 361
 380
 400
 410
 413
 414
 420
 434
 438
 440
 441
 442
 446
 447
 454
 457
 467
 470
 472
 476
 478
 480
 481
 484
 488
 489
 490
 491
 492
 498
 501
 511
 512
 516
 518
 522
 524
 529
 532
 541
 545
 548
 550
 555
 556
 565
 568
 570
 571
 576
 577
 578
 581
 583
 585
 588
 589
 593
 596
 598
 599
 605
 612
 613
 617
 622
 623
 628
 631
 632
 633
 634
 635
 636
 637
 638
 665
 669
 670
 671
 675
 678
 679
 687
 689
 690
 695
 696
 702
 703
 725
 727
 728
 730
 734
 739
 740
 741
 743
 752
 758
 764
 766
 768
 774
 782
 788
 789
 790
 791
 792
 794
 795
 796
 797
 799
 804
 807
 808
 828
 830
 831
 832
 841
 845
 852
 857
 859
 866
 867
 868
 871
 874
 876
 878
 879
 883
 885
 890
 892
 896
 897
 903
 909
 911
 914
 918
 922
 924
 927
 932
 941
 945
 951
 954
 959
 960
 964
 965
 973
 983
 988
 990
 991
 992
 994
 996
1002
1008
1014
1015
1020
1022
1023
