   0
   1
   6
  51
  64
  75
  92
  97
 120
 136
 137
 140
 142
 144
 152
 183
 189
 201
 207
 216
 220
 226
 244
 260
 261
 262
 268
 269
 314
 322
 326
 342
 344
 349
 400
 413
 440
 457
 470
 472
 476
 480
 481
 484
 489
 490
 491
 492
 498
 512
 518
 522
 529
 532
 541
 548
 556
 565
 571
 576
 577
 578
 581
 583
 585
 588
 589
 593
 598
 599
 613
 617
 622
 623
 631
 665
 670
 671
 675
 678
 679
 687
 702
 703
 725
 727
 734
 752
 758
 768
 774
 782
 790
 795
 796
 797
 807
 828
 830
 831
 832
 841
 845
 857
 859
 866
 867
 871
 874
 878
 883
 885
 890
 892
 896
 897
 909
 911
 914
 918
 922
 951
 954
 959
 960
 964
 983
 988
 990
 994
1014
1015
1020
1022
1023
