   0
   1
   2
   4
   5
   6
   7
   9
  16
  19
  35
  63
  64
  87
  91
 100
 128
 131
 133
 139
 145
 158
 164
 176
 184
 189
 192
 197
 207
 222
 227
 229
 232
 256
 260
 262
 269
 276
 292
 300
 324
 326
 338
 349
 355
 358
 359
 360
 361
 363
 375
 382
 384
 399
 401
 412
 418
 436
 448
 470
 471
 486
 496
 500
 512
 514
 516
 517
 520
 521
 532
 535
 539
 542
 546
 548
 555
 556
 559
 560
 564
 569
 570
 571
 572
 576
 600
 625
 638
 639
 717
 744
 768
 825
 831
 832
 833
 905
 926
 942
 988
