   0
   1
  13
  37
  60
  63
  64
  65
  68
  76
  77
  78
  81
  86
  90
 100
 102
 108
 118
 124
 125
 126
 127
 128
 129
 130
 131
 132
 134
 135
 136
 140
 141
 145
 150
 153
 156
 157
 166
 181
 182
 184
 185
 186
 190
 191
 192
 217
 224
 251
 254
 256
 265
 273
 279
 281
 283
 286
 293
 294
 299
 306
 312
 315
 318
 319
 325
 326
 327
 333
 367
 377
 378
 380
 381
 382
 383
 384
 395
 398
 399
 400
 404
 405
 407
 409
 411
 412
 414
 416
 425
 436
 446
 447
 448
 449
 468
 481
 490
 496
 498
 506
 509
 510
 511
 512
 513
 514
 520
 522
 525
 527
 539
 543
 553
 564
 570
 573
 576
 577
 582
 584
 585
 587
 589
 591
 597
 598
 599
 604
 607
 611
 613
 614
 622
 626
 633
 636
 637
 638
 639
 640
 642
 662
 666
 676
 683
 687
 732
 737
 739
 767
 773
 812
 821
 831
 832
 877
 886
 889
 893
 906
 915
 919
 934
 935
 956
 979
 999
1004
1009
1019
1022
1023
