   0
   1
   7
  12
  24
  58
  95
  96
 112
 114
 117
 124
 127
 138
 147
 159
 162
 164
 172
 173
 174
 175
 178
 180
 186
 193
 198
 201
 203
 214
 239
 254
 257
 261
 267
 268
 271
 280
 283
 285
 286
 316
 344
 345
 350
 378
 380
 383
 388
 406
 418
 420
 429
 439
 455
 458
 463
 467
 478
 479
 490
 491
 527
 535
 548
 551
 570
 579
 601
 606
 613
 622
 629
 638
 639
 640
 642
 670
 678
 680
 681
 688
 689
 693
 700
 702
 703
 730
 735
 736
 742
 743
 762
 764
 769
 786
 788
 801
 806
 821
 823
 831
 832
 859
 864
 900
 929
 945
 967
 986
 988
1015
1023
