   0
   1
   2
   3
  37
  38
  39
  40
  41
  43
  44
  45
  46
  47
  48
  49
  52
  54
  55
  57
  58
  59
  60
  61
  62
  87
  96
 101
 103
 108
 116
 117
 122
 128
 134
 135
 144
 150
 164
 165
 171
 172
 175
 181
 186
 192
 194
 199
 204
 206
 214
 256
 260
 262
 264
 265
 270
 309
 320
 327
 333
 335
 338
 339
 340
 341
 342
 345
 349
 367
 373
 378
 380
 383
 384
 386
 387
 388
 389
 390
 391
 393
 394
 395
 398
 404
 405
 420
 423
 425
 430
 431
 448
 449
 450
 452
 459
 462
 463
 464
 486
 496
 508
 511
 512
 521
 522
 524
 525
 526
 530
 570
 576
 577
 579
 581
 586
 587
 588
 589
 590
 593
 602
 603
 605
 607
 617
 637
 639
 657
 678
 687
 700
 701
 703
 724
 725
 726
 740
 748
 759
 768
 773
 777
 778
 779
 783
 788
 807
 809
 810
 815
 825
 849
 857
 898
 903
 911
 917
 918
 919
 926
 935
 951
 955
 960
 965
 974
 992
 997
 998
 999
1002
1006
1007
1013
1023
