   0
   1
  25
  26
  28
  29
  37
  61
  64
  71
  77
  81
  85
  94
  95
 100
 103
 111
 116
 124
 125
 127
 128
 132
 133
 138
 140
 141
 146
 150
 151
 152
 157
 166
 175
 185
 187
 188
 191
 198
 204
 208
 212
 214
 219
 221
 224
 229
 231
 232
 235
 240
 243
 251
 253
 256
 258
 266
 267
 274
 276
 278
 282
 293
 297
 298
 299
 306
 310
 311
 318
 319
 320
 322
 323
 350
 351
 354
 356
 373
 381
 384
 396
 405
 408
 411
 416
 420
 421
 422
 434
 438
 443
 447
 453
 460
 465
 481
 483
 484
 496
 500
 502
 503
 505
 510
 511
 512
 513
 515
 516
 519
 520
 521
 526
 535
 538
 539
 541
 543
 544
 549
 556
 561
 564
 565
 567
 568
 573
 574
 576
 578
 579
 582
 584
 585
 589
 607
 613
 618
 625
 626
 627
 629
 630
 637
 638
 639
 640
 641
 642
 643
 644
 645
 646
 647
 648
 649
 650
 651
 652
 653
 654
 655
 656
 657
 658
 659
 660
 661
 662
 663
 665
 666
 667
 668
 670
 671
 672
 675
 677
 678
 679
 680
 681
 682
 683
 684
 685
 686
 687
 688
 689
 690
 691
 692
 693
 694
 695
 696
 697
 698
 699
 700
 701
 702
 703
 704
 706
 708
 709
 710
 713
 714
 715
 717
 718
 725
 733
 734
 735
 737
 740
 741
 745
 746
 747
 748
 749
 751
 754
 755
 757
 758
 759
 760
 761
 762
 763
 764
 765
 766
 767
 768
 769
 773
 774
 775
 793
 802
 805
 806
 808
 809
 810
 812
 815
 817
 819
 820
 822
 826
 827
 829
 830
 831
 832
 833
 834
 846
 856
 857
 866
 869
 871
 873
 874
 875
 878
 879
 882
 886
 887
 888
 890
 892
 893
 894
 895
 896
 901
 902
 905
 918
 924
 926
 927
 928
 932
 934
 938
 940
 941
 942
 952
 953
 954
 955
 956
 957
 958
 959
 960
 961
 963
 969
 973
 974
 975
 977
 981
 989
 991
 994
 995
 999
1000
1002
1003
1005
1006
1007
1008
1009
1011
1012
1013
1014
1015
1016
1017
1019
1020
1023
