   0
   1
   2
  10
  29
  37
  41
  44
  46
  49
  50
  53
  54
  60
  63
  64
  66
  73
  77
  78
  86
  87
  91
  94
 101
 109
 115
 117
 118
 119
 122
 128
 129
 130
 132
 145
 146
 147
 157
 167
 174
 184
 189
 190
 191
 192
 193
 194
 195
 196
 197
 198
 199
 203
 206
 208
 218
 220
 221
 226
 227
 230
 232
 238
 248
 251
 252
 253
 254
 255
 256
 257
 259
 260
 261
 262
 265
 266
 267
 268
 271
 272
 273
 281
 291
 293
 294
 295
 296
 297
 304
 305
 306
 307
 309
 310
 311
 313
 316
 317
 318
 319
 321
 323
 324
 326
 327
 328
 329
 332
 335
 340
 341
 348
 351
 354
 355
 359
 360
 363
 364
 366
 367
 371
 376
 378
 381
 382
 383
 384
 385
 388
 400
 404
 407
 408
 411
 421
 423
 427
 435
 438
 448
 449
 450
 451
 452
 453
 454
 455
 456
 460
 461
 462
 466
 467
 479
 485
 487
 488
 490
 491
 510
 512
 513
 514
 516
 523
 524
 529
 531
 534
 540
 548
 550
 559
 560
 563
 569
 570
 574
 576
 577
 589
 596
 597
 600
 601
 602
 603
 604
 607
 609
 614
 626
 638
 639
 640
 641
 646
 647
 661
 662
 671
 679
 680
 684
 685
 688
 689
 690
 692
 694
 697
 698
 699
 700
 701
 702
 704
 705
 710
 713
 715
 727
 747
 748
 749
 753
 754
 756
 758
 759
 760
 767
 768
 769
 774
 781
 787
 792
 796
 800
 801
 803
 806
 813
 814
 817
 820
 822
 823
 825
 826
 828
 831
 832
 833
 838
 844
 851
 855
 858
 859
 864
 865
 867
 870
 872
 873
 876
 877
 879
 880
 881
 882
 886
 887
 888
 889
 891
 892
 893
 894
 896
 897
 901
 903
 913
 924
 926
 929
 933
 934
 940
 947
 951
 955
 957
 959
 960
 961
 962
 963
 964
 966
 969
 970
 972
 974
 979
 984
 989
 994
 995
 997
 999
1013
1018
1023
