   0
   2
   7
  13
  40
  45
  50
  55
  59
  60
  61
  69
  71
  81
  82
  88
  89
  90
  97
 109
 110
 124
 138
 146
 147
 159
 166
 176
 182
 189
 190
 200
 214
 220
 226
 229
 236
 238
 244
 247
 251
 254
 257
 269
 270
 279
 284
 292
 317
 318
 342
 346
 351
 354
 358
 367
 368
 369
 370
 373
 377
 390
 404
 406
 420
 421
 422
 429
 435
 436
 443
 444
 447
 450
 466
 476
 477
 478
 479
 487
 497
 522
 525
 532
 550
 561
 563
 566
 575
 581
 586
 594
 597
 601
 609
 617
 620
 623
 624
 638
 639
 640
 647
 658
 661
 667
 674
 685
 686
 687
 691
 693
 695
 698
 704
 716
 717
 719
 729
 733
 738
 755
 767
 783
 806
 820
 823
 831
 832
 834
 836
 837
 840
 844
 845
 848
 849
 857
 862
 864
 867
 868
 870
 871
 872
 873
 874
 875
 876
 877
 878
 879
 881
 883
 885
 886
 887
 888
 889
 891
 892
 893
 894
 895
 909
 927
 931
 940
 950
 951
 954
 960
 962
 964
 965
 972
 982
 983
 986
 996
 997
 998
1000
1003
1005
1006
1008
1013
1014
1015
1020
1022
1023
