   0
   1
   5
  31
  32
  39
  41
  45
  46
  47
  53
  60
  74
  90
  92
  93
  98
 100
 106
 114
 120
 122
 125
 127
 129
 130
 131
 133
 139
 140
 142
 146
 150
 151
 153
 154
 156
 159
 164
 165
 181
 184
 188
 199
 220
 222
 223
 228
 230
 234
 235
 236
 242
 243
 253
 254
 262
 263
 264
 272
 277
 282
 284
 303
 307
 310
 316
 317
 329
 340
 341
 342
 347
 354
 361
 363
 372
 379
 387
 391
 401
 403
 410
 412
 414
 418
 421
 422
 423
 433
 435
 438
 445
 449
 453
 455
 459
 477
 478
 485
 488
 491
 507
 509
 511
 512
 515
 519
 524
 535
 539
 544
 547
 548
 553
 557
 560
 562
 570
 577
 582
 583
 587
 588
 596
 601
 610
 613
 614
 620
 637
 638
 640
 641
 642
 647
 654
 658
 660
 661
 662
 663
 671
 675
 677
 678
 681
 684
 685
 687
 693
 696
 700
 702
 703
 704
 709
 710
 712
 713
 719
 727
 733
 736
 737
 738
 739
 741
 742
 743
 747
 754
 756
 758
 759
 760
 761
 762
 763
 764
 765
 766
 767
 768
 769
 770
 773
 774
 780
 781
 782
 789
 790
 791
 792
 793
 794
 796
 797
 811
 815
 816
 818
 819
 823
 824
 825
 828
 831
 832
 833
 834
 835
 837
 839
 840
 841
 843
 847
 852
 854
 855
 857
 858
 859
 860
 863
 864
 866
 870
 871
 874
 880
 881
 882
 883
 884
 885
 886
 887
 888
 889
 890
 891
 892
 893
 894
 895
 896
 897
 898
 899
 900
 901
 902
 908
 909
 910
 911
 912
 916
 918
 928
 934
 936
 937
 938
 939
 941
 942
 944
 945
 946
 947
 951
 953
 955
 956
 957
 958
 959
 960
 965
 966
 967
 969
 971
 972
 976
 978
 979
 980
 984
 987
 989
 990
 991
 992
 995
1001
1002
1007
1008
1010
1011
1012
1013
1016
1019
1020
1021
1022
1023
