   0
   8
  22
  23
  64
  77
  87
  90
  98
 109
 118
 134
 143
 152
 153
 169
 195
 196
 200
 237
 239
 241
 256
 262
 275
 282
 285
 290
 311
 314
 316
 334
 346
 349
 379
 393
 395
 397
 412
 436
 447
 450
 453
 487
 492
 495
 506
 525
 533
 536
 551
 568
 593
 597
 598
 608
 615
 639
 640
 642
 670
 673
 675
 685
 686
 688
 689
 695
 698
 699
 701
 709
 728
 732
 746
 751
 755
 756
 758
 761
 763
 765
 767
 774
 775
 804
 805
 821
 831
 832
 845
 854
 871
 874
 882
 885
 887
 889
 894
 924
 926
 936
 938
 940
 948
 965
 982
1001
1013
1017
1023
