   1
  11
  31
  35
  37
  44
  47
  52
  57
  71
  73
  83
 109
 119
 132
 147
 157
 159
 164
 196
 200
 215
 257
 263
 308
 309
 319
 322
 342
 347
 357
 359
 364
 366
 372
 373
 390
 394
 399
 436
 448
 455
 462
 478
 481
 483
 487
 500
 506
 507
 522
 527
 530
 548
 550
 568
 588
 592
 606
 612
 617
 624
 634
 637
 640
 660
 662
 672
 688
 694
 696
 697
 698
 704
 737
 744
 745
 746
 751
 768
 774
 797
 822
 828
 829
 830
 831
 832
 833
 834
 837
 855
 857
 873
 875
 880
 895
 910
 925
 952
 960
 968
 971
 994
 996
1009
1019
1023
