   0
   1
   2
   4
   5
   6
   7
   8
   9
  11
  16
  19
  26
  35
  55
  63
  64
  65
  87
  91
 100
 113
 115
 119
 121
 124
 127
 128
 129
 131
 132
 133
 139
 145
 158
 164
 168
 169
 176
 182
 184
 189
 192
 194
 197
 207
 222
 223
 227
 228
 229
 232
 235
 256
 260
 262
 269
 276
 282
 285
 290
 292
 300
 302
 306
 308
 319
 320
 324
 326
 334
 338
 345
 349
 354
 355
 356
 358
 359
 360
 361
 363
 368
 374
 375
 382
 384
 399
 401
 412
 418
 419
 422
 424
 434
 436
 440
 446
 447
 448
 470
 471
 478
 484
 486
 490
 495
 496
 500
 512
 513
 514
 516
 517
 520
 521
 522
 525
 528
 532
 533
 535
 539
 542
 546
 548
 554
 555
 556
 557
 559
 560
 562
 564
 567
 569
 570
 571
 572
 573
 575
 576
 583
 600
 602
 603
 625
 629
 637
 638
 639
 646
 708
 709
 717
 723
 744
 768
 799
 825
 828
 831
 832
 833
 842
 878
 886
 905
 919
 926
 942
 988
1003
