   0
   1
   2
   7
  13
  37
  40
  45
  50
  55
  59
  60
  61
  69
  71
  81
  82
  88
  89
  90
  97
 109
 110
 124
 129
 138
 140
 146
 147
 159
 166
 176
 182
 186
 189
 190
 191
 197
 200
 214
 220
 223
 226
 229
 236
 238
 244
 245
 247
 251
 254
 255
 257
 269
 270
 279
 284
 292
 317
 318
 326
 342
 346
 351
 354
 358
 367
 368
 369
 370
 373
 377
 383
 390
 404
 406
 407
 420
 421
 422
 423
 426
 429
 435
 436
 442
 443
 444
 447
 450
 455
 466
 476
 477
 478
 479
 487
 494
 497
 509
 522
 525
 528
 532
 538
 550
 561
 563
 566
 575
 579
 581
 586
 592
 594
 597
 601
 606
 609
 617
 620
 623
 624
 638
 639
 640
 647
 658
 661
 667
 674
 685
 686
 687
 691
 693
 695
 698
 704
 709
 716
 717
 719
 721
 729
 732
 733
 738
 740
 741
 752
 755
 764
 766
 767
 774
 783
 803
 806
 820
 822
 823
 831
 832
 834
 836
 837
 840
 842
 844
 845
 848
 849
 851
 852
 855
 857
 860
 861
 862
 864
 865
 867
 868
 869
 870
 871
 872
 873
 874
 875
 876
 877
 878
 879
 880
 881
 882
 883
 885
 886
 887
 888
 889
 891
 892
 893
 894
 895
 902
 909
 913
 927
 931
 934
 940
 949
 950
 951
 953
 954
 958
 959
 960
 962
 964
 965
 970
 972
 982
 983
 986
 990
 996
 997
 998
1000
1003
1005
1006
1008
1011
1013
1014
1015
1020
1021
1022
1023
