   0
   6
   8
  22
  23
  38
  54
  64
  77
  87
  90
  91
  98
 109
 118
 123
 129
 134
 140
 143
 144
 145
 148
 152
 153
 154
 161
 169
 186
 191
 195
 196
 200
 203
 209
 210
 212
 220
 224
 225
 231
 237
 239
 241
 256
 262
 275
 278
 282
 285
 286
 288
 290
 304
 311
 314
 316
 318
 326
 334
 336
 341
 346
 349
 358
 364
 365
 379
 385
 393
 395
 397
 403
 406
 412
 415
 419
 425
 436
 437
 444
 446
 447
 450
 453
 487
 492
 494
 495
 506
 523
 525
 533
 536
 551
 561
 564
 565
 568
 583
 593
 597
 598
 608
 613
 615
 616
 620
 621
 623
 628
 638
 639
 640
 642
 665
 668
 670
 673
 675
 685
 686
 688
 689
 690
 693
 695
 698
 699
 701
 702
 703
 704
 708
 709
 725
 728
 729
 730
 732
 739
 740
 746
 751
 755
 756
 757
 758
 759
 761
 763
 764
 765
 766
 767
 769
 774
 775
 796
 797
 798
 804
 805
 806
 816
 821
 831
 832
 838
 845
 852
 854
 864
 871
 874
 876
 879
 882
 885
 886
 887
 889
 893
 894
 896
 910
 924
 926
 936
 938
 940
 945
 948
 960
 965
 982
 987
1001
1009
1011
1013
1017
1019
1023
