   0
   1
   6
  47
  48
  51
  62
  64
  75
  92
  95
  97
 120
 136
 137
 140
 142
 144
 148
 152
 172
 182
 183
 188
 189
 191
 201
 207
 216
 220
 226
 244
 260
 261
 262
 268
 269
 314
 322
 326
 342
 344
 349
 350
 400
 410
 413
 414
 440
 457
 470
 472
 476
 478
 480
 481
 484
 488
 489
 490
 491
 492
 498
 512
 518
 522
 524
 529
 532
 541
 545
 548
 555
 556
 565
 568
 571
 576
 577
 578
 581
 583
 585
 588
 589
 593
 598
 599
 613
 617
 622
 623
 631
 636
 665
 669
 670
 671
 675
 678
 679
 687
 702
 703
 725
 727
 734
 752
 758
 766
 768
 774
 782
 789
 790
 795
 796
 797
 804
 807
 808
 828
 830
 831
 832
 841
 845
 852
 857
 859
 866
 867
 871
 874
 878
 883
 885
 890
 892
 896
 897
 903
 909
 911
 914
 918
 922
 932
 945
 951
 954
 959
 960
 964
 965
 983
 988
 990
 994
1014
1015
1020
1022
1023
