   0
   1
   2
   5
   6
  11
  23
  24
  28
  32
  34
  37
  44
  46
  47
  54
  56
  57
  58
  60
  62
  63
  65
  66
  69
  72
  74
  78
  80
  81
  82
  83
  84
  94
 102
 103
 105
 107
 108
 109
 110
 111
 113
 118
 119
 120
 121
 124
 125
 126
 127
 128
 129
 130
 131
 132
 133
 135
 138
 140
 141
 142
 143
 148
 149
 158
 161
 167
 169
 171
 172
 174
 175
 176
 177
 183
 192
 193
 194
 195
 197
 204
 211
 216
 222
 224
 230
 244
 245
 250
 256
 257
 258
 259
 260
 261
 262
 263
 264
 265
 266
 268
 269
 270
 271
 272
 273
 274
 275
 276
 277
 278
 279
 281
 282
 283
 284
 285
 286
 288
 289
 290
 291
 294
 296
 297
 298
 300
 302
 304
 305
 306
 309
 310
 311
 312
 314
 315
 316
 317
 318
 319
 320
 321
 322
 323
 324
 325
 326
 327
 328
 329
 330
 331
 332
 333
 334
 336
 337
 338
 339
 340
 341
 342
 343
 344
 345
 346
 348
 349
 350
 351
 352
 353
 356
 362
 365
 369
 370
 371
 372
 373
 374
 375
 376
 377
 380
 381
 382
 383
 384
 385
 386
 388
 389
 390
 392
 396
 398
 399
 400
 401
 402
 405
 407
 418
 419
 420
 421
 422
 423
 424
 425
 429
 430
 434
 435
 436
 437
 438
 439
 442
 443
 444
 445
 446
 447
 448
 449
 452
 453
 459
 460
 464
 474
 483
 485
 492
 493
 494
 497
 499
 500
 501
 505
 508
 509
 511
 512
 513
 514
 515
 516
 517
 518
 519
 520
 521
 523
 526
 527
 528
 533
 536
 542
 543
 544
 548
 551
 552
 558
 560
 562
 567
 573
 574
 575
 576
 577
 580
 588
 590
 591
 598
 605
 611
 612
 614
 615
 616
 623
 624
 627
 628
 629
 636
 637
 638
 639
 640
 650
 653
 656
 675
 676
 678
 681
 682
 686
 689
 692
 693
 694
 695
 696
 701
 703
 704
 715
 717
 725
 726
 732
 734
 736
 746
 751
 753
 760
 769
 770
 772
 776
 777
 778
 779
 782
 783
 784
 785
 786
 790
 791
 792
 793
 794
 796
 797
 798
 799
 805
 806
 807
 808
 809
 810
 811
 813
 814
 821
 822
 823
 825
 828
 830
 831
 832
 833
 835
 844
 849
 851
 852
 853
 856
 857
 860
 864
 866
 867
 868
 869
 870
 871
 873
 877
 879
 881
 884
 888
 890
 893
 894
 896
 897
 901
 919
 922
 926
 927
 931
 936
 939
 946
 954
 957
 958
 960
 961
 964
 971
 972
 973
 975
 980
 988
 997
1007
1008
1014
1020
1022
1023
