   0
  36
  42
  65
  66
  67
  77
  78
  79
  94
 114
 126
 149
 153
 156
 163
 170
 177
 188
 197
 207
 215
 222
 229
 231
 235
 241
 247
 259
 265
 324
 325
 364
 381
 386
 388
 389
 403
 437
 438
 441
 451
 460
 472
 480
 481
 506
 511
 524
 542
 552
 563
 564
 573
 576
 579
 580
 589
 604
 610
 633
 634
 640
 641
 649
 661
 663
 669
 687
 691
 701
 705
 716
 719
 724
 733
 735
 763
 766
 769
 775
 786
 797
 811
 813
 827
 831
 848
 851
 854
 857
 862
 866
 871
 876
 880
 881
 886
 889
 893
 894
 899
 921
 925
 933
 947
 966
 972
1007
1009
1013
1015
1018
1023
