   0
   3
   7
   8
  15
  17
  24
  29
  30
  40
  46
  49
  58
  63
  77
  78
  90
  94
  96
  97
 107
 109
 110
 112
 113
 124
 125
 126
 127
 133
 141
 145
 147
 153
 155
 158
 161
 165
 168
 172
 173
 177
 185
 187
 196
 197
 199
 210
 212
 213
 217
 219
 223
 226
 227
 228
 229
 233
 235
 237
 239
 240
 242
 244
 246
 248
 253
 257
 258
 270
 280
 282
 283
 293
 294
 309
 310
 311
 312
 317
 318
 319
 324
 349
 354
 365
 366
 368
 374
 375
 383
 387
 392
 397
 399
 402
 413
 415
 416
 421
 423
 430
 432
 434
 437
 441
 454
 460
 464
 467
 468
 472
 479
 483
 487
 499
 502
 503
 509
 518
 520
 527
 531
 538
 539
 542
 543
 544
 545
 548
 557
 561
 567
 570
 572
 573
 575
 581
 587
 588
 590
 591
 592
 595
 598
 602
 605
 613
 614
 619
 621
 628
 630
 634
 635
 638
 639
 640
 667
 669
 673
 679
 685
 692
 693
 695
 696
 700
 707
 710
 718
 719
 728
 730
 733
 739
 741
 753
 754
 758
 762
 764
 765
 767
 773
 775
 799
 800
 805
 809
 812
 815
 820
 822
 823
 826
 827
 828
 829
 831
 832
 833
 838
 839
 841
 842
 843
 844
 846
 847
 850
 853
 855
 857
 868
 875
 877
 882
 886
 887
 888
 889
 891
 892
 893
 894
 895
 896
 899
 900
 901
 904
 906
 907
 920
 921
 927
 938
 943
 944
 945
 948
 949
 951
 953
 954
 955
 957
 958
 959
 961
 963
 967
 969
 979
 983
 991
 993
 996
 997
 998
 999
1000
1002
1004
1006
1008
1012
1013
1016
1018
1021
1022
1023
