   0
   2
  45
  50
  55
  60
  61
  81
  82
  89
  97
 109
 124
 146
 159
 166
 176
 182
 189
 214
 220
 251
 257
 269
 284
 292
 317
 342
 346
 354
 358
 367
 368
 369
 370
 373
 377
 390
 404
 406
 421
 422
 436
 447
 466
 477
 478
 479
 487
 497
 522
 561
 563
 566
 581
 586
 594
 597
 601
 620
 623
 624
 638
 639
 640
 685
 687
 691
 693
 695
 698
 704
 716
 717
 733
 738
 783
 806
 820
 831
 832
 834
 836
 837
 840
 848
 849
 864
 867
 871
 873
 875
 877
 878
 879
 881
 883
 885
 886
 887
 888
 889
 891
 892
 893
 894
 895
 909
 927
 931
 940
 950
 954
 962
 964
 965
 972
 983
 996
1000
1003
1005
1006
1013
1020
1022
1023
