   0
   1
   3
  31
  36
  42
  61
  65
  66
  67
  74
  77
  78
  79
  86
  94
 100
 109
 110
 114
 126
 129
 149
 153
 154
 156
 158
 162
 163
 169
 170
 177
 178
 182
 185
 188
 189
 190
 197
 202
 204
 205
 207
 209
 215
 221
 222
 223
 224
 226
 229
 231
 235
 239
 241
 247
 254
 259
 263
 265
 282
 292
 295
 298
 305
 306
 308
 313
 317
 324
 325
 326
 347
 352
 364
 381
 386
 388
 389
 397
 402
 403
 406
 421
 429
 431
 437
 438
 441
 451
 460
 468
 472
 480
 481
 483
 490
 491
 493
 500
 503
 506
 507
 511
 524
 541
 542
 548
 550
 552
 555
 563
 564
 567
 568
 569
 572
 573
 576
 578
 579
 580
 589
 603
 604
 610
 621
 623
 627
 630
 632
 633
 634
 636
 637
 639
 640
 641
 649
 654
 658
 660
 661
 663
 669
 675
 676
 678
 681
 685
 687
 691
 699
 701
 702
 705
 716
 719
 724
 725
 732
 733
 735
 737
 739
 748
 749
 751
 756
 761
 763
 766
 767
 769
 775
 786
 788
 792
 796
 797
 799
 801
 806
 807
 811
 813
 819
 820
 821
 822
 824
 825
 827
 831
 845
 848
 851
 853
 854
 857
 861
 862
 866
 871
 876
 878
 880
 881
 886
 887
 889
 892
 893
 894
 899
 902
 912
 918
 919
 921
 922
 925
 933
 934
 940
 943
 947
 951
 952
 954
 966
 972
 981
 983
 997
1000
1003
1004
1006
1007
1008
1009
1013
1015
1018
1020
1021
1023
