   7
  15
  17
  29
  30
  40
  49
  63
  77
  78
  90
  94
  97
 109
 110
 112
 124
 125
 133
 141
 145
 147
 161
 168
 172
 173
 177
 196
 197
 199
 210
 212
 213
 217
 219
 227
 228
 229
 233
 237
 242
 257
 270
 283
 309
 317
 324
 349
 374
 375
 383
 387
 392
 397
 399
 413
 415
 430
 432
 434
 437
 441
 460
 464
 468
 472
 479
 502
 503
 520
 531
 539
 542
 557
 561
 573
 581
 588
 590
 598
 605
 613
 614
 621
 634
 638
 639
 640
 685
 692
 696
 719
 728
 753
 758
 775
 805
 812
 827
 829
 831
 832
 833
 838
 839
 841
 842
 843
 844
 846
 847
 855
 857
 882
 889
 891
 894
 896
 900
 901
 904
 907
 921
 927
 943
 944
 945
 953
 961
 983
 993
 996
 997
 999
1006
1012
1013
1022
1023
