   0
   1
   2
   3
   4
   5
   8
  10
  13
  23
  52
  56
  60
  61
  62
  63
  64
  66
  74
  75
  76
  78
  88
  97
 106
 128
 129
 130
 131
 133
 134
 159
 162
 192
 200
 221
 233
 255
 256
 257
 258
 259
 260
 261
 262
 263
 264
 265
 266
 267
 268
 270
 271
 275
 292
 301
 302
 303
 306
 308
 310
 311
 312
 313
 314
 315
 316
 317
 318
 319
 322
 324
 384
 385
 386
 388
 396
 419
 426
 430
 447
 448
 449
 450
 451
 452
 453
 454
 455
 456
 457
 458
 460
 462
 463
 466
 467
 487
 501
 505
 508
 510
 511
 512
 513
 522
 530
 533
 537
 550
 570
 575
 576
 577
 580
 582
 583
 584
 588
 589
 597
 599
 620
 621
 638
 639
 710
 744
 760
 789
 815
 831
 832
 837
 856
 859
 864
 903
 917
 959
 984
 986
 994
 996
1013
1015
1023
