   0
   1
   2
   3
   5
   6
   8
   9
  10
  12
  13
  16
  18
  20
  21
  22
  24
  25
  28
  32
  33
  35
  36
  40
  43
  46
  56
  60
  61
  62
  63
  64
  65
  66
  67
  68
  69
  70
  71
  73
  74
  75
  77
  78
  79
  80
  87
  91
  93
  94
  95
  99
 100
 101
 103
 107
 108
 109
 110
 111
 113
 116
 120
 122
 123
 124
 126
 127
 128
 129
 130
 131
 132
 134
 135
 136
 138
 139
 140
 141
 144
 145
 148
 150
 155
 158
 159
 162
 164
 167
 173
 181
 190
 192
 193
 194
 195
 196
 197
 198
 199
 200
 201
 202
 203
 204
 205
 206
 207
 208
 209
 212
 213
 220
 221
 223
 225
 228
 230
 231
 232
 233
 237
 238
 239
 240
 241
 242
 244
 245
 246
 253
 254
 255
 256
 257
 258
 259
 261
 262
 264
 270
 271
 276
 279
 280
 286
 297
 298
 300
 302
 303
 304
 305
 308
 310
 312
 316
 317
 318
 319
 321
 324
 325
 326
 333
 334
 337
 340
 341
 343
 347
 356
 358
 360
 366
 371
 374
 375
 377
 378
 379
 380
 381
 382
 383
 384
 385
 386
 395
 398
 400
 403
 411
 412
 420
 430
 432
 433
 440
 441
 443
 444
 445
 446
 447
 448
 449
 450
 451
 452
 453
 454
 455
 456
 457
 458
 459
 460
 461
 463
 464
 465
 467
 468
 469
 470
 473
 476
 478
 492
 493
 496
 499
 500
 501
 502
 503
 504
 505
 506
 507
 508
 509
 510
 511
 512
 513
 514
 515
 516
 517
 518
 519
 520
 521
 522
 523
 524
 525
 526
 527
 528
 532
 538
 545
 548
 550
 551
 552
 553
 555
 556
 557
 558
 559
 560
 561
 562
 564
 565
 566
 567
 569
 570
 572
 573
 574
 575
 576
 577
 578
 581
 582
 584
 589
 591
 592
 593
 594
 596
 598
 600
 601
 603
 605
 610
 613
 614
 620
 621
 622
 626
 628
 631
 632
 636
 638
 639
 640
 641
 642
 643
 644
 651
 654
 657
 658
 659
 660
 664
 665
 666
 668
 671
 673
 675
 677
 680
 682
 683
 684
 685
 686
 687
 688
 689
 691
 694
 697
 698
 699
 703
 707
 708
 713
 720
 725
 730
 732
 734
 735
 737
 741
 748
 753
 754
 756
 758
 760
 766
 767
 769
 781
 796
 797
 799
 804
 807
 816
 819
 826
 830
 831
 832
 835
 836
 852
 853
 854
 856
 857
 862
 863
 864
 865
 868
 870
 872
 882
 887
 888
 889
 891
 893
 895
 902
 905
 909
 911
 919
 920
 933
 935
 940
 945
 948
 956
 959
 960
 961
 963
 974
 975
 983
 993
 995
 998
1001
1006
1009
1021
1023
