   0
   1
   2
   4
   5
   6
   7
   8
   9
  16
  19
  26
  35
  55
  63
  64
  87
  91
 100
 113
 115
 119
 121
 124
 128
 129
 131
 132
 133
 139
 145
 158
 164
 168
 169
 176
 182
 184
 189
 192
 197
 207
 222
 223
 227
 229
 232
 256
 260
 262
 269
 276
 282
 285
 290
 292
 300
 302
 306
 308
 319
 320
 324
 326
 338
 349
 355
 356
 358
 359
 360
 361
 363
 374
 375
 382
 384
 399
 401
 412
 418
 424
 434
 436
 440
 446
 448
 470
 471
 478
 484
 486
 490
 496
 500
 512
 514
 516
 517
 520
 521
 528
 532
 535
 539
 542
 546
 548
 554
 555
 556
 557
 559
 560
 562
 564
 569
 570
 571
 572
 573
 576
 583
 600
 602
 603
 625
 637
 638
 639
 708
 717
 744
 768
 799
 825
 831
 832
 833
 842
 878
 886
 905
 919
 926
 942
 988
1003
