   0
   1
   2
   3
   4
   5
   6
   7
   8
   9
  10
  11
  12
  15
  17
  20
  22
  23
  24
  29
  30
  31
  32
  33
  36
  37
  38
  39
  40
  41
  43
  44
  45
  46
  47
  48
  49
  50
  51
  52
  53
  54
  55
  56
  57
  58
  59
  60
  61
  62
  63
  68
  70
  77
  84
  87
  94
  96
  97
 100
 101
 103
 108
 114
 116
 117
 122
 124
 126
 127
 128
 130
 131
 134
 135
 138
 141
 144
 150
 152
 155
 156
 158
 159
 161
 164
 165
 169
 171
 172
 173
 175
 181
 184
 186
 191
 192
 193
 194
 195
 196
 198
 199
 201
 203
 204
 205
 206
 211
 214
 240
 249
 250
 251
 252
 255
 256
 257
 258
 259
 260
 261
 262
 264
 265
 268
 270
 271
 272
 273
 280
 283
 306
 309
 313
 320
 323
 324
 327
 330
 331
 332
 333
 334
 335
 336
 337
 338
 339
 340
 341
 342
 345
 349
 350
 354
 356
 363
 366
 367
 368
 371
 373
 374
 375
 376
 377
 378
 380
 381
 382
 383
 384
 385
 386
 387
 388
 389
 390
 391
 393
 394
 395
 396
 397
 398
 399
 400
 402
 403
 404
 405
 413
 416
 417
 418
 420
 423
 425
 427
 428
 429
 430
 431
 432
 433
 436
 448
 449
 450
 451
 452
 453
 454
 455
 457
 458
 459
 460
 462
 463
 464
 465
 468
 476
 477
 480
 486
 493
 494
 496
 497
 498
 502
 506
 507
 508
 509
 510
 511
 512
 513
 514
 516
 517
 520
 521
 522
 523
 524
 525
 526
 527
 528
 529
 530
 532
 534
 542
 543
 544
 552
 564
 565
 568
 569
 570
 571
 573
 575
 576
 577
 578
 579
 580
 581
 582
 583
 584
 585
 586
 587
 588
 589
 590
 591
 592
 593
 594
 595
 597
 598
 599
 600
 602
 603
 605
 607
 614
 617
 618
 620
 622
 637
 639
 657
 659
 666
 668
 669
 671
 678
 682
 685
 687
 693
 700
 701
 703
 719
 723
 724
 725
 726
 731
 740
 746
 748
 751
 759
 765
 768
 773
 777
 778
 779
 783
 788
 790
 800
 805
 807
 809
 810
 815
 821
 822
 825
 828
 849
 854
 857
 861
 865
 874
 875
 879
 882
 884
 885
 887
 891
 898
 903
 908
 911
 917
 918
 919
 926
 928
 932
 934
 935
 948
 949
 951
 955
 958
 960
 965
 974
 984
 988
 992
 994
 997
 998
 999
1001
1002
1005
1006
1007
1008
1009
1012
1013
1014
1023
