   0
   1
   3
   4
   5
   6
  10
  16
  45
  46
  47
  48
  50
  52
  53
  54
  55
  57
  58
  59
  60
  61
  62
  63
  64
  85
  94
 128
 129
 158
 167
 192
 200
 220
 222
 230
 256
 257
 258
 259
 261
 262
 263
 267
 268
 269
 271
 283
 289
 294
 297
 298
 299
 300
 302
 303
 305
 306
 307
 308
 309
 312
 315
 316
 319
 320
 321
 322
 323
 324
 354
 369
 371
 374
 375
 376
 377
 378
 379
 380
 382
 383
 384
 400
 447
 448
 449
 450
 451
 452
 453
 455
 456
 457
 461
 464
 496
 512
 543
 554
 576
 577
 578
 580
 582
 585
 612
 622
 623
 625
 626
 628
 630
 631
 632
 634
 635
 636
 637
 638
 639
 662
 663
 664
 674
 679
 685
 700
 704
 724
 765
 768
 774
 793
 815
 831
 832
 843
 850
 856
 887
 957
 958
 974
1020
