   7
  15
  17
  30
  49
  63
  77
  78
  94
 109
 112
 124
 125
 133
 141
 145
 147
 168
 172
 173
 177
 196
 197
 199
 210
 212
 213
 217
 219
 227
 237
 257
 270
 283
 309
 317
 324
 349
 374
 375
 383
 387
 392
 413
 415
 430
 432
 437
 460
 464
 468
 502
 503
 520
 539
 542
 557
 561
 573
 581
 588
 590
 598
 605
 613
 621
 634
 638
 639
 685
 719
 775
 805
 812
 829
 831
 832
 833
 838
 839
 841
 844
 847
 855
 857
 882
 889
 891
 896
 900
 904
 907
 921
 927
 943
 944
 945
 953
 961
 983
 997
 999
1012
1022
1023
