   0
   1
  21
  70
  72
  78
  82
  98
 101
 112
 116
 152
 153
 165
 167
 185
 197
 199
 208
 211
 214
 241
 255
 256
 259
 266
 283
 295
 310
 346
 388
 400
 412
 433
 434
 437
 443
 461
 468
 473
 476
 494
 503
 515
 526
 530
 533
 550
 555
 561
 562
 563
 577
 585
 586
 587
 591
 594
 595
 615
 624
 631
 639
 640
 679
 683
 689
 690
 693
 698
 700
 701
 704
 728
 743
 769
 791
 796
 798
 811
 826
 828
 831
 832
 845
 850
 852
 863
 864
 879
 922
 933
 956
 959
 962
 964
 965
1000
1010
1023
