   0
   1
  13
  37
  60
  64
  65
  76
  77
  81
  86
 100
 102
 108
 124
 125
 126
 127
 128
 129
 130
 131
 132
 134
 135
 140
 141
 145
 150
 153
 156
 157
 166
 181
 185
 190
 191
 217
 224
 251
 254
 256
 265
 273
 279
 281
 283
 286
 293
 294
 306
 312
 315
 318
 319
 326
 333
 367
 378
 380
 381
 382
 383
 395
 399
 404
 407
 409
 411
 412
 414
 436
 446
 448
 449
 468
 490
 496
 498
 506
 509
 510
 512
 514
 520
 525
 527
 539
 543
 553
 570
 573
 576
 577
 584
 585
 587
 589
 591
 597
 598
 599
 607
 611
 613
 614
 633
 636
 638
 639
 640
 642
 666
 676
 732
 737
 739
 767
 773
 821
 831
 832
 886
 893
 906
 915
 919
 934
 935
 956
 979
 999
1004
1009
1019
1022
1023
