7101    
4183 2000   
004d    
0068 8000 01f4 e180 0000
0060 0001 0000 a181 0000
0060 0002 0000 a182 0000
0060 0003 0000 e183 0000
0060 0004 0000 a184 0000
0000 0005 0000 e280 0000
0000 0006 0000 a281 0000
0000 0007 0000 a2a0 0000
0000 0008 0000 e2a1 0000
0000 0009 0000 e2a2 0000
0000 000a 0000 a2a3 0000
0000 000b 0000 e2a4 0000
0000 000c 0000 a2a5 0000
0000 000d 0000 a2a6 0000
0000 000e 0000 e2a7 0000
0000 000f 0000 e2b0 0000
0000 0010 0000 a2b1 0000
0000 0011 0000 a2b2 0000
0000 0012 0000 e2b3 0000
0000 0013 0000 a2b4 0000
0000 0014 0000 e2b5 0000
0000 0015 0000 e2b6 0000
0000 0016 0000 a2b7 0000
0010 0017 0000 e780 0000
0010 0018 0000 a781 0000
0010 0019 0000 a7a0 0000
0010 001a 0000 e7a1 0000
0010 001b 0000 e7a2 0000
0010 001c 0000 a7a3 0000
0010 001d 0000 e7a4 0000
0010 001e 0000 a7a5 0000
0010 001f 0000 a7a6 0000
0010 0020 0000 e7a7 0000
0010 0021 0000 e7b0 0000
0010 0022 0000 a7b1 0000
0010 0023 0000 a7b2 0000
0010 0024 0000 e7b3 0000
0010 0025 0000 a7b4 0000
0010 0026 0000 e7b5 0000
0010 0027 0000 e7b6 0000
0010 0028 0000 a7b7 0000
0000 0029 0000 a200 0000
0000 002a 0000 e201 0000
0000 002b 0000 e202 0000
0000 002c 0000 a203 0000
0000 002d 0000 e204 0000
0000 002e 0000 a205 0000
0000 002f 0000 a206 0000
0000 0030 0000 e207 0000
0000 0031 0000 e210 0000
0000 0032 0000 e300 0000
0000 0033 0000 a301 0000
0000 0034 0000 a302 0000
0000 0035 0000 e303 0000
0000 0036 0000 a304 0000
0000 0037 0000 e305 0000
0000 0038 0000 e306 0000
0000 0039 0000 a307 0000
0000 003a 0000 a310 0000
0010 003b 0000 a700 0000
0010 003c 0000 e701 0000
0010 003d 0000 e702 0000
0010 003e 0000 a703 0000
0010 003f 0000 e704 0000
0010 0040 0000 a705 0000
0010 0041 0000 a706 0000
0010 0042 0000 e707 0000
0010 0043 0000 e710 0000
0010 0044 0000 a800 0000
0010 0045 0000 e801 0000
0010 0046 0000 e802 0000
0010 0047 0000 a803 0000
0010 0048 0000 e804 0000
0010 0049 0000 a805 0000
0010 004a 0000 a806 0000
0010 004b 0000 e807 0000
0014 004c 0000 e810 0000
2473
