A4 = 726613416.515625
A3 = -25073071.935692
A2 =    374105.066020
A1 =     15385.405567
A0 =        -4.908300
R  =       347.601000
RR =         0.002877
T  =        41.902387
sizeof(Table) = 936, sizeof(Table[0]) = 24, n = 39
-- R -- --1/R -- -- T -- ------- Manwoo ------- ------ Linear -------- ---- Quadratic 1 ----- ---- Quadratic 2 ----- 
347.601 0.002877  41.978  41.902387 (-0.075613)                                                                      
327.373 0.003055  44.973  44.927559 (-0.045441)  44.980695 (+0.007695)  44.984491 (+0.011491)                        
309.406 0.003232  47.977  47.957951 (-0.019049)  47.969870 (-0.007130)  47.960136 (-0.016864)  47.967808 (-0.009192) 
298.468 0.003350  49.971  49.987684 (+0.016684)  49.998975 (+0.027975)  49.993188 (+0.022188)  49.990995 (+0.019995) 
274.593 0.003642  54.972  54.999891 (+0.027891)  54.975141 (+0.003141)  54.954650 (-0.017350)  54.933617 (-0.038383) 
254.252 0.003933  59.980  60.039649 (+0.059649)  60.008864 (+0.028864)  59.988454 (+0.008454)  59.997244 (+0.017244) 
236.917 0.004221  64.984  65.041946 (+0.057946)  64.999816 (+0.015816)  64.991924 (+0.007924)  64.975625 (-0.008375) 
221.887 0.004507  69.987  70.033765 (+0.046765)  69.990870 (+0.003870)  69.978028 (-0.008972)  69.979107 (-0.007893) 
208.667 0.004792  74.991  75.039050 (+0.048050)  75.008187 (+0.017187)  74.994664 (+0.003664)  74.999929 (+0.008929) 
197.025 0.005075  79.988  80.021425 (+0.033425)  79.999534 (+0.011534)  79.990327 (+0.002327)  79.984357 (-0.003643) 
186.649 0.005358  84.990  85.002529 (+0.012529)  84.997980 (+0.007980)  84.995539 (+0.005539)  84.987682 (-0.002318) 
177.343 0.005639  89.990  89.981029 (-0.008971)  89.989664 (-0.000336)  89.985177 (-0.004823)  89.984469 (-0.005531) 
168.915 0.005920  94.993  94.977214 (-0.015786)  94.999890 (+0.006890)  94.991592 (-0.001408)  94.997820 (+0.004820) 
161.266 0.006201 100.000  99.976535 (-0.023465) 100.017550 (+0.017550) 100.011776 (+0.011776) 100.001877 (+0.001877) 
147.839 0.006764 110.095 110.038319 (-0.056681) 110.100524 (+0.005524) 110.087441 (-0.007559) 110.077478 (-0.017522) 
136.682 0.007316 120.003 119.942885 (-0.060115) 120.019705 (+0.016705) 120.005457 (+0.002457) 120.010510 (+0.007510) 
127.031 0.007872 130.011 129.949228 (-0.061772) 130.024076 (+0.013076) 130.021207 (+0.010207) 130.008538 (-0.002462) 
118.675 0.008426 140.017 139.959684 (-0.057316) 140.014758 (-0.002242) 139.995766 (-0.021234) 140.006804 (-0.010196) 
111.346 0.008981 150.025 150.007415 (-0.017585) 150.054489 (+0.029489) 150.040286 (+0.015286) 150.046183 (+0.021183) 
104.903 0.009533 160.037 160.030882 (-0.006118) 160.043478 (+0.006478) 160.022561 (-0.014439) 160.021759 (-0.015241) 
 99.167 0.010084 170.058 170.082901 (+0.024901) 170.085931 (+0.027931) 170.075982 (+0.017982) 170.072378 (+0.014378) 
 94.065 0.010631 180.054 180.089548 (+0.035548) 180.054881 (+0.000881) 180.009216 (-0.044784) 180.036086 (-0.017914) 
 89.460 0.011178 190.057 190.141788 (+0.084788) 190.124393 (+0.067393) 190.094814 (+0.037814) 190.101523 (+0.044523) 
 85.333 0.011719 200.073 200.118457 (+0.045457) 200.083276 (+0.010276) 200.056946 (-0.016054) 200.035452 (-0.037548) 
 81.577 0.012258 210.090 210.129024 (+0.039024) 210.124073 (+0.034073) 210.083776 (-0.006224) 210.105977 (+0.015977) 
 78.163 0.012794 220.098 220.124529 (+0.026529) 220.140718 (+0.042718) 220.101567 (+0.003567) 220.104172 (+0.006172) 
 75.051 0.013324 230.099 230.099076 (+0.000076) 230.135738 (+0.036738) 230.096355 (-0.002645) 230.095462 (-0.003538) 
 72.197 0.013851 240.102 240.083907 (-0.018093) 240.142037 (+0.040037) 240.085805 (-0.016195) 240.104623 (+0.002623) 
 69.577 0.014373 250.087 250.063509 (-0.023491) 250.150107 (+0.063107) 250.095887 (+0.008887) 250.103024 (+0.016024) 
 67.167 0.014888 260.085 260.034279 (-0.050721) 260.133749 (+0.048749) 260.085827 (+0.000827) 260.076199 (-0.008801) 
 64.936 0.015400 270.099 270.040134 (-0.058866) 270.145686 (+0.046686) 270.082561 (-0.016439) 270.098181 (-0.000819) 
 62.867 0.015907 280.114 280.083021 (-0.030979) 280.183907 (+0.069907) 280.122112 (+0.008112) 280.130258 (+0.016258) 
 60.950 0.016407 290.139 290.138095 (-0.000905) 290.195285 (+0.056285) 290.140712 (+0.001712) 290.130986 (-0.008014) 
 59.166 0.016902 300.164 300.235261 (+0.071261) 300.216533 (+0.052533) 300.134709 (-0.029291) 300.162306 (-0.001694) 
 57.501 0.017391 310.186 310.391868 (+0.205868) 310.235469 (+0.049469) 310.198999 (+0.012999) 310.205210 (+0.019210) 
 56.716 0.017632 315.189 315.453762 (+0.264762) 315.200305 (+0.011305) 315.186512 (-0.002488) 315.179348 (-0.009652) 
 55.959 0.017870 320.169 320.515699 (+0.346699) 320.186774 (+0.017774) 320.163853 (-0.005147) 320.171703 (+0.002703) 
 55.076 0.018157 326.190 326.659698 (+0.469698) 326.210057 (+0.020057)                        326.194482 (+0.004482) 
 54.513 0.018344 330.164 330.720388 (+0.556388)                                                                      
                                rms = 0.145552         rms = 0.032156         rms = 0.015378         rms = 0.015887
