 1727.16      2.19
 1730.47      2.09
 1848.37      2.19
 1826.30      2.18
 1785.87      2.17
 1776.72      2.21
 1798.47      2.21
 1748.28      2.25
 1646.71      2.19
 1846.72      2.18
 1735.01      2.23
 1847.90      2.19
 1787.91      2.10
 1750.73      2.11
 1780.38      2.19
 1734.02      2.21
 1711.80      2.17
 1704.17      2.33
 1748.24      2.20
 1702.38      2.24
 1737.39      2.27
 1766.95      2.27
 1739.79      2.19
 1741.82      2.14
 1748.98      2.11
 1702.38      2.18
 1756.56      2.16
 1710.83      2.27
 1781.43      2.17
 1696.50      2.20
 1684.17      2.17
 1807.16      2.18
 1664.71      2.16
 1767.86      2.16
 1676.22      2.20
 1786.16      2.11
 1740.19      2.26
 1752.30      2.09
 1756.02      2.20
 1769.37      2.16
 1719.75      2.29
 1763.93      2.21
 1752.81      2.21
 1757.14      2.25
 1773.74      2.19
 1809.71      2.11
 1784.62      2.14
 1799.00      2.22
 1779.24      2.25
 1783.62      2.20
 1851.46      2.19
 1858.35      2.18
 1860.33      2.15
 1830.26      2.20
 1810.02      2.13
 1808.06      2.13
 1780.70      2.20
 1812.39      2.21
 1769.30      2.18
 1800.19      2.38
 1757.69      2.17
 1824.94      2.11
 1735.60      2.25
 1763.37      2.27
 1635.30      2.17
 1604.71      2.25
 1728.93      2.19
 1653.65      2.22
 1615.07      2.17
 1601.52      2.20
 1714.92      2.17
 1575.24      2.26
 1725.08      2.23
 1800.52      2.26
 1657.00      2.04
 1592.63      2.32
 1646.18      2.23
 1712.12      2.19
 1660.58      2.19
 1648.77      2.13
 1637.12      2.23
 1656.44      2.28
 1618.91      2.23
 1696.16      2.24
 1681.81      2.09
 1705.55      2.14
 1666.33      2.22
 1665.19      2.17
 1725.97      2.26
 1679.00      2.24
 1681.69      2.16
 1644.97      2.15
 1648.91      2.15
 1788.46      2.09
 1665.36      2.15
 1719.62      2.29
 1693.26      2.23
 1732.60      2.22
 1764.35      2.23
 1676.45      2.24
 1777.33      2.15
 1782.09      2.22
 1704.41      2.30
 1752.97      2.26
 1650.56      2.18
 1711.59      2.20
 1760.77      2.19
 1776.50      2.14
 1725.53      2.18
 1649.39      2.20
 1766.80      2.08
 1753.23      2.24
 1722.10      2.22
 1756.52      2.14
 1787.07      2.09
 1706.41      2.27
 1823.86      2.18
 1807.67      2.27
 1780.87      2.17
 1740.42      2.17
 1742.30      2.09
 1808.96      2.17
 1798.88      2.22
 1847.89      2.24
 1792.16      2.09
 1751.06      2.21
 1755.36      2.22
 1782.20      2.15
 1796.32      1.82
 1796.14      1.78
 1796.18      1.79
 1796.26      1.71
 1796.20      1.80
 1796.33      1.79
 1796.23      1.79
 1796.29      1.80
 1796.20      1.81
 1796.32      1.78
 1796.26      1.75
 1796.36      1.80
 1796.36      1.82
 1796.29      1.87
 1796.21      1.78
 1796.26      1.79
 1796.26      1.76
 1796.31      1.79
 1796.24      1.79
 1796.33      1.82
 1796.28      1.79
 1796.22      1.82
 1796.23      1.83
 1796.36      1.88
 1796.25      1.84
 1796.32      1.79
 1796.22      1.81
 1796.26      1.76
 1796.23      1.84
 1796.29      1.88
 1796.23      1.83
 1796.22      1.81
 1796.22      1.80
 1796.30      1.79
 1796.25      1.82
 1796.23      1.73
 1796.29      1.82
 1796.29      1.73
 1796.23      1.81
 1796.32      1.85
 1796.24      1.75
 1796.26      1.79
 1796.29      1.86
 1796.27      1.85
 1796.13      1.80
 1796.35      1.82
 1796.33      1.88
 1796.21      1.83
 1796.31      1.85
 1796.28      1.82
 1796.29      1.78
 1796.30      1.82
 1796.26      1.82
 1796.28      1.80
 1796.38      1.79
 1796.34      1.80
 1796.16      1.75
 1796.21      1.76
 1796.23      1.79
 1796.36      1.80
 1796.25      1.86
 1796.35      1.83
 1796.29      1.84
 1796.33      1.82
 1797.22      1.86
 1796.41      1.85
 1796.19      1.79
 1796.19      1.83
 1796.23      1.78
 1796.24      1.77
 1796.29      1.78
 1796.27      1.89
 1796.26      1.79
 1796.17      1.78
 1796.32      1.84
 1796.20      1.73
 1796.32      1.82
 1796.29      1.75
 1796.23      1.76
 1796.32      1.78
 1796.29      1.81
 1796.30      1.78
 1796.29      1.86
 1796.24      1.82
 1796.27      1.77
 1796.30      1.77
 1796.28      1.83
 1796.32      1.81
 1796.37      1.85
 1796.28      1.86
 1796.21      1.78
 1796.36      1.82
 1796.20      1.82
 1796.25      1.77
 1796.32      1.87
 1796.23      1.80
 1796.30      1.80
 1796.17      1.88
 1796.20      1.73
 1796.20      1.81
 1796.19      1.83
 1796.27      1.78
 1796.16      1.87
 1796.31      1.80
 1796.13      1.83
 1796.22      1.80
 1796.23      1.82
 1796.31      1.82
 1796.34      1.82
 1796.24      1.70
 1796.29      1.82
 1796.25      1.82
 1796.33      1.81
 1796.26      1.78
 1796.25      1.83
 1796.17      1.78
 1796.21      1.81
 1796.37      1.78
 1796.37      1.79
 1796.31      1.82
 1796.33      1.86
 1796.34      1.81
 1796.26      1.76
 1796.31      1.80
 1796.28      1.87
 1796.26      1.76
 1796.26      1.85
 1796.24      1.77
 1830.02      1.82
 1830.00      1.79
 1829.92      1.78
 1830.06      1.84
 1830.12      1.81
 1829.90      1.83
 1830.04      1.90
 1829.99      1.75
 1829.97      1.83
 1829.97      1.84
 1830.13      1.77
 1830.02      1.85
 1829.98      1.81
 1829.94      1.90
 1830.03      1.78
 1829.96      1.84
 1830.06      1.92
 1830.00      1.88
 1829.97      1.84
 1830.08      1.86
 1829.97      1.79
 1829.99      1.86
 1830.06      1.79
 1830.02      1.83
 1830.08      1.77
 1830.11      1.84
 1830.05      1.82
 1830.05      1.80
 1830.06      1.81
 1829.94      1.85
 1830.04      1.83
 1830.12      1.88
 1830.03      1.87
 1829.92      1.83
 1830.07      1.79
 1829.93      1.85
 1830.04      1.77
 1830.03      1.83
 1830.06      1.93
 1829.98      1.81
 1829.95      1.80
 1830.09      1.82
 1829.95      1.84
 1829.96      1.85
 1830.08      1.86
 1829.96      1.77
 1829.93      1.86
 1829.95      1.83
 1829.97      1.74
 1829.97      1.89
 1830.06      1.83
 1830.04      1.79
 1830.00      1.85
 1829.98      1.89
 1829.89      1.86
 1830.01      1.82
 1829.95      1.89
 1829.95      1.81
 1830.00      1.78
 1829.99      1.83
 1830.03      1.81
 1829.96      1.91
 1829.97      1.85
 1829.97      1.87
 1830.90      1.81
 1830.07      1.85
 1830.02      1.73
 1829.98      1.89
 1830.00      1.83
 1829.91      1.82
 1830.00      1.88
 1829.98      1.84
 1830.07      1.86
 1829.91      1.83
 1829.94      1.84
 1830.02      1.78
 1830.02      1.87
 1830.07      1.88
 1829.94      1.78
 1830.02      1.81
 1829.91      1.85
 1830.04      1.78
 1829.99      1.83
 1830.01      1.83
 1829.98      1.83
 1830.08      1.85
 1830.00      1.77
 1830.11      1.81
 1830.00      1.77
 1829.95      1.90
 1829.99      1.84
 1830.08      1.88
 1830.08      1.85
 1829.95      1.74
 1829.96      1.79
 1829.99      1.86
 1829.95      1.85
 1830.02      1.86
 1830.00      1.75
 1830.05      1.84
 1829.98      1.76
 1830.02      1.87
 1830.02      1.83
 1829.96      1.80
 1829.99      1.85
 1830.01      1.85
 1829.96      1.81
 1829.99      1.78
 1830.01      1.78
 1830.07      1.80
 1830.03      1.89
 1829.99      1.84
 1830.08      1.89
 1830.05      1.81
 1830.05      1.86
 1829.93      1.81
 1829.97      1.78
 1830.02      1.77
 1830.01      1.81
 1829.99      1.78
 1829.93      1.90
 1829.96      1.87
 1829.90      1.76
 1830.05      1.79
 1829.96      1.80
 1830.10      1.82
 1830.01      1.82
 1830.02      1.79
 1811.71      1.82
 1811.75      1.79
 1811.70      1.79
 1811.75      1.76
 1811.76      1.81
 1811.68      1.77
 1811.60      1.78
 1811.65      1.83
 1811.63      1.84
 1811.65      1.81
 1811.77      1.82
 1811.75      1.76
 1811.67      1.82
 1811.59      1.82
 1811.53      1.81
 1811.62      1.78
 1811.60      1.77
 1811.70      1.84
 1811.72      1.77
 1811.66      1.82
 1811.69      1.79
 1811.81      1.78
 1811.72      1.71
 1811.60      1.73
 1811.67      1.76
 1811.62      1.81
 1811.60      1.82
 1811.69      1.77
 1811.77      1.83
 1811.54      1.81
 1811.62      1.79
 1811.76      1.71
 1811.64      1.81
 1811.72      1.80
 1811.71      1.79
 1811.64      1.73
 1811.62      1.77
 1811.61      1.81
 1811.71      1.77
 1811.75      1.74
 1811.57      1.75
 1811.65      1.78
 1811.67      1.78
 1811.56      1.83
 1811.56      1.80
 1811.57      1.76
 1811.61      1.73
 1811.61      1.77
 1811.57      1.78
 1811.59      1.85
 1811.71      1.83
 1811.69      1.78
 1811.65      1.76
 1811.61      1.78
 1811.73      1.82
 1811.65      1.75
 1811.56      1.88
 1811.72      1.75
 1811.55      1.82
 1811.66      1.79
 1811.61      1.79
 1811.63      1.80
 1811.56      1.84
 1811.61      1.80
 1812.47      1.76
 1811.72      1.69
 1811.69      1.74
 1811.59      1.83
 1811.72      1.81
 1811.58      1.78
 1811.59      1.81
 1811.56      1.82
 1811.65      1.76
 1811.60      1.74
 1811.70      1.77
 1811.61      1.78
 1811.70      1.75
 1811.78      1.83
 1811.62      1.71
 1811.70      1.72
 1811.68      1.76
 1811.52      1.76
 1811.63      1.76
 1811.62      1.79
 1811.70      1.81
 1811.62      1.82
 1811.73      1.83
 1811.66      1.76
 1811.61      1.84
 1811.72      1.75
 1811.66      1.79
 1811.65      1.76
 1811.63      1.78
 1811.57      1.76
 1811.61      1.78
 1811.63      1.75
 1811.66      1.75
 1811.67      1.77
 1811.66      1.79
 1811.69      1.79
 1811.60      1.80
 1811.56      1.84
 1811.71      1.79
 1811.55      1.82
 1811.69      1.75
 1811.62      1.74
 1811.79      1.68
 1811.68      1.82
 1811.62      1.74
 1811.57      1.81
 1811.63      1.75
 1811.67      1.77
 1811.54      1.80
 1811.66      1.79
 1811.61      1.78
 1811.57      1.81
 1811.61      1.78
 1811.66      1.79
 1811.56      1.79
 1811.61      1.74
 1811.56      1.82
 1811.69      1.78
 1811.63      1.87
 1811.67      1.80
 1811.61      1.79
 1811.61      1.77
 1811.61      1.69
 1811.64      1.75
 1839.26      1.79
 1839.27      1.74
 1839.26      1.84
 1839.20      1.81
 1839.35      1.75
 1839.29      1.78
 1839.09      1.77
 1839.19      1.87
 1839.30      1.80
 1839.17      1.86
 1839.12      1.76
 1839.14      1.75
 1839.28      1.81
 1839.27      1.93
 1839.16      1.75
 1839.22      1.82
 1839.18      1.77
 1839.27      1.80
 1839.15      1.79
 1839.15      1.79
 1839.07      1.81
 1839.13      1.85
 1839.22      1.80
 1839.15      1.79
 1839.31      1.85
 1839.32      1.92
 1839.11      1.76
 1839.15      1.82
 1839.25      1.81
 1839.18      1.90
 1839.28      1.85
 1839.14      1.77
 1839.22      1.84
 1839.18      1.76
 1839.30      1.84
 1839.24      1.84
 1839.18      1.79
 1839.28      1.77
 1839.11      1.85
 1839.14      1.76
 1839.22      1.81
 1839.15      1.77
 1839.16      1.72
 1839.10      1.81
 1839.25      1.80
 1839.13      1.80
 1839.20      1.80
 1839.20      1.83
 1839.13      1.79
 1839.26      1.82
 1839.30      1.84
 1839.22      1.75
 1839.21      1.87
 1839.19      1.78
 1839.20      1.77
 1839.31      1.82
 1839.17      1.81
 1839.16      1.71
 1839.17      1.72
 1839.28      1.76
 1839.24      1.86
 1839.22      1.83
 1839.30      1.83
 1839.26      1.85
 1840.09      1.83
 1839.22      1.78
 1839.15      1.87
 1839.17      1.85
 1839.21      1.79
 1839.09      1.89
 1839.16      1.83
 1839.19      1.88
 1839.24      1.80
 1839.12      1.79
 1839.19      1.77
 1839.29      1.85
 1839.28      1.90
 1839.14      1.78
 1839.24      1.83
 1839.24      1.80
 1839.14      1.74
 1839.19      1.76
 1839.18      1.78
 1839.13      1.81
 1839.23      1.85
 1839.27      1.83
 1839.25      1.82
 1839.18      1.81
 1839.08      1.80
 1839.18      1.77
 1839.10      1.86
 1839.29      1.81
 1839.22      1.82
 1839.16      1.70
 1839.17      1.85
 1839.17      1.80
 1839.24      1.81
 1839.09      1.79
 1839.19      1.82
 1839.11      1.78
 1839.30      1.81
 1839.21      1.76
 1839.27      1.81
 1839.30      1.78
 1839.20      1.82
 1839.26      1.85
 1839.18      1.83
 1839.22      1.78
 1839.13      1.88
 1839.17      1.79
 1839.16      1.75
 1839.26      1.78
 1839.08      1.88
 1839.22      1.81
 1839.20      1.84
 1839.18      1.89
 1839.22      1.76
 1839.23      1.77
 1839.13      1.82
 1839.23      1.84
 1839.24      1.79
 1839.19      1.81
 1839.18      1.79
 1839.17      1.80
 1839.31      1.86
 1839.18      1.80
 1839.23      1.79
 1839.30      1.76
 1724.07      1.77
 1724.19      1.85
 1724.16      1.82
 1724.10      1.74
 1724.19      1.76
 1724.02      1.83
 1724.09      1.82
 1724.11      1.75
 1724.09      1.76
 1724.09      1.78
 1724.05      1.79
 1724.14      1.77
 1724.15      1.87
 1724.07      1.74
 1724.18      1.81
 1724.13      1.78
 1724.05      1.74
 1724.11      1.75
 1724.16      1.74
 1724.09      1.79
 1724.13      1.78
 1724.07      1.73
 1724.17      1.80
 1724.10      1.80
 1724.22      1.78
 1724.12      1.79
 1724.17      1.78
 1724.14      1.79
 1724.09      1.72
 1724.13      1.76
 1724.10      1.75
 1724.12      1.74
 1724.20      1.75
 1724.04      1.78
 1724.17      1.75
 1724.14      1.79
 1724.08      1.74
 1724.08      1.79
 1724.07      1.78
 1724.09      1.79
 1724.18      1.81
 1723.99      1.76
 1724.10      1.81
 1724.20      1.84
 1724.17      1.75
 1724.07      1.82
 1724.21      1.79
 1724.14      1.73
 1724.16      1.84
 1724.09      1.77
 1724.08      1.78
 1724.14      1.79
 1724.12      1.78
 1724.06      1.70
 1724.13      1.74
 1724.20      1.83
 1724.14      1.84
 1724.08      1.76
 1724.18      1.73
 1724.10      1.78
 1724.05      1.74
 1724.07      1.72
 1724.15      1.80
 1724.08      1.69
 1724.86      1.77
 1724.29      1.71
 1724.09      1.79
 1724.02      1.81
 1724.05      1.79
 1723.99      1.85
 1724.13      1.79
 1724.11      1.85
 1724.09      1.84
 1724.14      1.82
 1724.06      1.78
 1724.18      1.84
 1724.09      1.72
 1724.11      1.80
 1724.12      1.81
 1724.08      1.80
 1724.18      1.78
 1724.13      1.79
 1724.15      1.76
 1724.11      1.86
 1724.08      1.76
 1724.18      1.82
 1724.02      1.76
 1724.11      1.85
 1724.06      1.79
 1724.16      1.75
 1724.04      1.79
 1724.08      1.80
 1724.21      1.79
 1724.06      1.79
 1724.06      1.82
 1724.12      1.81
 1724.12      1.73
 1724.14      1.77
 1724.07      1.84
 1724.11      1.74
 1724.22      1.82
 1724.07      1.83
 1724.15      1.81
 1724.14      1.82
 1724.08      1.76
 1724.14      1.78
 1724.03      1.71
 1724.13      1.72
 1724.20      1.80
 1724.06      1.84
 1724.09      1.79
 1724.03      1.78
 1724.15      1.84
 1724.08      1.80
 1724.04      1.76
 1724.09      1.71
 1724.15      1.79
 1724.11      1.72
 1724.08      1.79
 1724.09      1.81
 1724.12      1.83
 1724.04      1.84
 1724.11      1.82
 1724.00      1.77
 1724.11      1.74
 1724.21      1.79
 1724.19      1.80
 1724.15      1.71
 1818.87      1.83
 1818.79      1.91
 1818.84      1.87
 1818.88      1.79
 1818.93      1.86
 1818.82      1.82
 1818.73      1.85
 1818.89      1.81
 1818.75      1.82
 1818.84      1.82
 1818.81      1.80
 1818.78      1.83
 1818.81      1.85
 1818.84      1.81
 1818.79      1.89
 1818.97      1.87
 1818.85      1.85
 1818.79      1.83
 1818.86      1.90
 1818.77      1.82
 1818.84      1.80
 1818.75      1.85
 1818.73      1.87
 1818.76      1.90
 1818.84      1.83
 1818.72      1.89
 1818.81      1.85
 1818.77      1.83
 1818.86      1.90
 1818.82      1.88
 1818.77      1.82
 1818.83      1.89
 1818.81      1.87
 1818.80      1.92
 1818.83      1.83
 1818.79      1.86
 1818.81      1.84
 1818.88      1.86
 1818.88      1.86
 1818.89      1.83
 1818.87      1.81
 1818.87      1.87
 1818.80      1.94
 1818.77      1.86
 1818.79      1.84
 1818.78      1.82
 1818.85      1.84
 1818.79      1.95
 1818.76      1.90
 1818.87      1.82
 1818.78      1.83
 1818.78      1.81
 1818.82      1.87
 1818.85      1.88
 1818.85      1.87
 1818.92      1.82
 1818.86      1.84
 1818.86      1.86
 1818.80      1.79
 1818.77      1.89
 1818.97      1.86
 1818.99      1.82
 1818.85      1.81
 1818.88      1.90
 1819.61      1.80
 1819.00      1.90
 1818.82      1.89
 1818.81      1.86
 1818.76      1.83
 1818.77      1.86
 1818.87      1.89
 1818.80      1.87
 1818.77      1.88
 1818.87      1.87
 1818.91      1.94
 1818.81      1.85
 1818.83      1.90
 1818.98      1.80
 1818.87      1.84
 1818.82      1.84
 1818.86      1.77
 1818.83      1.86
 1818.89      1.84
 1818.89      1.89
 1818.90      1.86
 1818.83      1.88
 1818.88      1.86
 1818.92      1.86
 1818.88      1.87
 1818.81      1.92
 1818.81      1.88
 1818.80      1.88
 1818.90      1.81
 1818.87      1.81
 1818.82      1.83
 1818.87      1.87
 1818.89      1.87
 1818.87      1.87
 1818.77      1.82
 1818.91      1.89
 1818.87      1.74
 1818.78      1.84
 1818.87      1.82
 1818.76      1.84
 1818.80      1.84
 1818.88      1.83
 1818.91      1.83
 1818.92      1.90
 1818.89      1.89
 1818.83      1.94
 1818.89      1.89
 1818.86      1.89
 1818.80      1.79
 1818.77      1.82
 1818.82      1.84
 1818.92      1.88
 1818.84      1.76
 1818.88      1.81
 1818.79      1.87
 1818.86      1.78
 1818.83      1.87
 1818.79      1.85
 1818.83      1.87
 1818.78      1.80
 1818.86      1.88
 1818.88      1.88
 1818.78      1.94
 1818.84      1.91
 1836.70      1.90
 1836.72      1.86
 1836.71      1.82
 1836.68      1.86
 1836.66      1.86
 1836.59      1.82
 1836.66      1.88
 1836.62      1.82
 1836.74      1.87
 1836.59      1.75
 1836.55      1.84
 1836.72      1.90
 1836.74      1.94
 1836.61      1.80
 1836.64      1.83
 1836.61      1.89
 1836.62      1.90
 1836.60      1.91
 1836.66      1.77
 1836.65      1.88
 1836.73      1.77
 1836.67      1.84
 1836.78      1.78
 1836.68      1.92
 1836.69      1.82
 1836.54      1.87
 1836.65      1.86
 1836.63      1.79
 1836.67      1.89
 1836.66      1.88
 1836.74      1.82
 1836.63      1.91
 1836.59      1.88
 1836.73      1.92
 1836.69      1.92
 1836.77      1.79
 1836.62      1.80
 1836.63      1.79
 1836.58      1.85
 1836.65      1.81
 1836.57      1.95
 1836.74      1.82
 1836.66      1.82
 1836.66      1.83
 1836.71      1.85
 1836.70      1.91
 1836.67      1.84
 1836.65      1.85
 1836.62      1.84
 1836.72      1.89
 1836.63      1.78
 1836.63      1.89
 1836.62      1.82
 1836.58      1.87
 1836.64      1.83
 1836.62      1.84
 1836.59      1.87
 1836.69      1.91
 1836.60      1.83
 1836.69      1.88
 1836.62      1.81
 1836.71      1.85
 1836.74      1.87
 1836.73      1.86
 1837.80      1.80
 1836.83      1.85
 1836.69      1.82
 1836.63      1.83
 1836.59      1.86
 1836.52      1.85
 1836.54      1.87
 1836.66      1.90
 1836.61      1.85
 1836.69      1.84
 1836.64      1.81
 1836.62      1.95
 1836.68      1.79
 1836.61      1.90
 1836.71      1.90
 1836.74      1.88
 1836.70      1.85
 1836.57      1.75
 1836.72      1.83
 1836.65      1.85
 1836.71      1.83
 1836.59      1.89
 1836.65      1.81
 1836.59      1.88
 1836.67      1.75
 1836.76      1.84
 1836.59      1.87
 1836.66      1.91
 1836.73      1.90
 1836.62      1.89
 1836.68      1.88
 1836.78      1.81
 1836.72      1.85
 1836.60      1.84
 1836.60      1.83
 1836.69      1.85
 1836.73      1.83
 1836.67      1.80
 1836.69      1.92
 1836.63      1.83
 1836.67      1.89
 1836.63      1.92
 1836.70      1.88
 1836.66      1.88
 1836.69      1.75
 1836.68      1.86
 1836.66      1.88
 1836.58      1.81
 1836.69      1.83
 1836.50      1.78
 1836.60      1.86
 1836.63      1.86
 1836.72      1.84
 1836.64      1.92
 1836.67      1.85
 1836.71      1.88
 1836.71      1.83
 1836.66      1.83
 1836.68      1.87
 1836.64      1.81
 1836.69      1.83
 1836.68      1.85
 1836.54      1.79
 1836.67      1.87
