 1724.64      2.18
 1729.37      2.19
 1847.76      2.23
 1825.79      2.20
 1785.81      2.13
 1776.72      2.24
 1798.83      2.24
 1748.70      2.16
 1647.04      2.24
 1847.75      2.23
 1735.41      2.25
 1848.75      2.21
 1788.29      2.12
 1751.35      2.16
 1780.74      2.16
 1734.96      2.23
 1713.20      2.16
 1705.77      2.21
 1749.47      2.16
 1703.48      2.22
 1738.57      2.19
 1768.19      2.16
 1739.97      2.20
 1742.18      2.17
 1748.65      2.24
 1701.48      2.10
 1755.57      2.15
 1709.31      2.21
 1779.98      2.15
 1695.09      2.21
 1683.30      2.22
 1807.75      2.20
 1665.65      2.23
 1769.49      2.19
 1678.29      2.26
 1788.59      2.09
 1742.06      2.27
 1754.12      2.18
 1757.73      2.23
 1771.10      2.32
 1721.31      2.21
 1765.37      2.10
 1753.94      2.17
 1757.70      2.18
 1774.29      2.29
 1809.83      2.17
 1784.58      2.25
 1798.51      2.16
 1778.28      2.16
 1782.85      2.20
 1850.60      2.15
 1857.51      2.26
 1859.02      2.20
 1828.96      2.26
 1808.76      2.27
 1806.43      2.17
 1778.80      2.14
 1810.76      2.18
 1767.70      2.26
 1798.50      2.25
 1756.24      2.21
 1823.52      2.16
 1733.83      2.24
 1761.76      2.15
 1635.45      2.17
 1605.51      2.26
 1730.75      2.22
 1655.79      2.23
 1617.23      2.21
 1604.19      2.24
 1718.38      2.23
 1578.37      2.21
 1728.60      2.18
 1804.69      2.20
 1660.62      2.23
 1595.58      2.23
 1648.54      2.18
 1713.74      2.16
 1660.94      2.22
 1647.58      2.27
 1635.25      2.20
 1653.88      2.22
 1616.07      2.27
 1693.50      2.17
 1679.25      2.13
 1703.26      2.19
 1664.25      2.22
 1663.34      2.23
 1724.25      2.21
 1677.54      2.19
 1680.32      2.10
 1643.39      2.28
 1647.33      2.21
 1787.62      2.12
 1664.82      2.15
 1718.99      2.24
 1692.86      2.13
 1732.89      2.18
 1764.30      2.19
 1676.26      2.24
 1777.58      2.14
 1782.35      2.20
 1704.38      2.20
 1753.14      2.19
 1650.47      2.11
 1711.98      2.22
 1761.20      2.19
 1776.39      2.28
 1725.33      2.21
 1648.91      2.17
 1766.77      2.16
 1753.32      2.19
 1722.15      2.14
 1756.74      2.20
 1786.74      2.06
 1705.69      2.29
 1823.25      2.25
 1806.35      2.15
 1779.45      2.07
 1738.92      2.30
 1740.66      2.19
 1807.43      2.15
 1797.27      2.14
 1845.98      2.19
 1790.54      2.06
 1749.22      2.25
 1753.45      2.23
 1780.29      2.25
 1796.15      1.78
 1796.16      1.77
 1796.22      1.82
 1796.19      1.85
 1796.25      1.81
 1796.18      1.84
 1796.16      1.79
 1796.24      1.73
 1796.06      1.72
 1796.18      1.83
 1796.21      1.82
 1796.22      1.86
 1796.14      1.80
 1796.18      1.82
 1796.19      1.80
 1796.24      1.78
 1796.08      1.81
 1796.21      1.78
 1796.28      1.86
 1796.18      1.81
 1796.20      1.80
 1796.24      1.80
 1796.23      1.79
 1796.23      1.75
 1796.09      1.77
 1796.28      1.77
 1796.14      1.76
 1796.15      1.84
 1796.24      1.78
 1796.29      1.80
 1796.20      1.81
 1796.16      1.84
 1796.16      1.84
 1796.11      1.83
 1796.10      1.75
 1796.09      1.80
 1796.22      1.87
 1796.23      1.86
 1796.14      1.81
 1796.14      1.82
 1796.15      1.76
 1796.19      1.81
 1796.21      1.80
 1796.19      1.74
 1796.14      1.80
 1796.12      1.86
 1796.22      1.82
 1796.10      1.90
 1796.11      1.76
 1796.27      1.79
 1796.19      1.87
 1796.19      1.85
 1796.15      1.82
 1796.27      1.73
 1796.10      1.81
 1796.27      1.79
 1796.23      1.81
 1796.18      1.72
 1796.08      1.81
 1796.18      1.73
 1796.21      1.87
 1796.20      1.82
 1796.24      1.83
 1796.14      1.85
 1797.08      1.85
 1796.27      1.84
 1796.10      1.91
 1796.14      1.85
 1796.11      1.83
 1795.97      1.87
 1796.21      1.87
 1796.23      1.80
 1796.21      1.83
 1796.25      1.76
 1796.19      1.80
 1796.22      1.81
 1796.14      1.81
 1796.14      1.86
 1796.16      1.80
 1796.13      1.79
 1796.23      1.84
 1796.17      1.81
 1796.16      1.82
 1796.20      1.85
 1796.25      1.78
 1796.18      1.81
 1796.16      1.87
 1796.23      1.75
 1796.22      1.78
 1796.20      1.81
 1796.19      1.75
 1796.13      1.82
 1796.17      1.83
 1796.22      1.82
 1796.29      1.84
 1796.30      1.79
 1796.20      1.84
 1796.17      1.88
 1796.24      1.80
 1796.29      1.84
 1796.03      1.86
 1796.28      1.86
 1796.23      1.84
 1796.19      1.82
 1796.24      1.83
 1796.18      1.80
 1796.28      1.85
 1796.19      1.86
 1796.19      1.82
 1796.12      1.78
 1796.19      1.80
 1796.21      1.82
 1796.18      1.76
 1796.20      1.86
 1796.22      1.79
 1796.14      1.82
 1796.26      1.81
 1796.09      1.77
 1796.16      1.78
 1796.18      1.76
 1796.06      1.81
 1796.14      1.71
 1796.19      1.82
 1796.15      1.81
 1796.19      1.83
 1796.18      1.77
 1796.11      1.84
 1796.14      1.77
 1829.37      1.78
 1829.37      1.84
 1829.44      1.80
 1829.40      1.69
 1829.37      1.85
 1829.31      1.88
 1829.39      1.70
 1829.38      1.82
 1829.50      1.80
 1829.37      1.77
 1829.34      1.84
 1829.34      1.86
 1829.41      1.83
 1829.42      1.79
 1829.36      1.81
 1829.45      1.81
 1829.36      1.92
 1829.35      1.82
 1829.46      1.85
 1829.33      1.83
 1829.41      1.73
 1829.44      1.81
 1829.35      1.90
 1829.38      1.83
 1829.39      1.87
 1829.39      1.88
 1829.35      1.83
 1829.33      1.83
 1829.33      1.84
 1829.45      1.75
 1829.40      1.86
 1829.40      1.84
 1829.43      1.82
 1829.34      1.82
 1829.41      1.74
 1829.37      1.74
 1829.25      1.84
 1829.39      1.83
 1829.39      1.80
 1829.41      1.82
 1829.43      1.80
 1829.46      1.84
 1829.39      1.82
 1829.45      1.74
 1829.43      1.88
 1829.28      1.84
 1829.38      1.87
 1829.43      1.76
 1829.39      1.79
 1829.37      1.89
 1829.46      1.87
 1829.35      1.87
 1829.32      1.69
 1829.40      1.84
 1829.41      1.86
 1829.40      1.81
 1829.41      1.78
 1829.42      1.83
 1829.38      1.83
 1829.46      1.80
 1829.29      1.90
 1829.40      1.82
 1829.33      1.81
 1829.41      1.87
 1830.29      1.80
 1829.29      1.84
 1829.33      1.76
 1829.40      1.90
 1829.39      1.74
 1829.41      1.82
 1829.43      1.84
 1829.45      1.82
 1829.41      1.83
 1829.31      1.89
 1829.45      1.79
 1829.38      1.81
 1829.45      1.82
 1829.35      1.92
 1829.31      1.79
 1829.35      1.84
 1829.43      1.74
 1829.39      1.84
 1829.42      1.80
 1829.39      1.82
 1829.38      1.84
 1829.52      1.79
 1829.37      1.81
 1829.44      1.88
 1829.35      1.79
 1829.38      1.81
 1829.41      1.88
 1829.41      1.88
 1829.34      1.87
 1829.38      1.82
 1829.36      1.77
 1829.36      1.79
 1829.40      1.86
 1829.36      1.78
 1829.29      1.88
 1829.38      1.82
 1829.34      1.82
 1829.37      1.80
 1829.39      1.83
 1829.24      1.74
 1829.40      1.84
 1829.38      1.81
 1829.36      1.81
 1829.35      1.82
 1829.38      1.83
 1829.39      1.69
 1829.35      1.82
 1829.35      1.82
 1829.32      1.88
 1829.27      1.84
 1829.42      1.85
 1829.47      1.81
 1829.38      1.83
 1829.35      1.84
 1829.38      1.81
 1829.32      1.82
 1829.42      1.75
 1829.39      1.78
 1829.32      1.75
 1829.40      1.81
 1829.33      1.78
 1829.38      1.82
 1829.40      1.82
 1829.38      1.84
 1811.71      1.84
 1811.85      1.85
 1811.76      1.83
 1811.66      1.79
 1811.63      1.79
 1811.75      1.80
 1811.74      1.79
 1811.69      1.84
 1811.71      1.74
 1811.85      1.74
 1811.68      1.79
 1811.75      1.80
 1811.69      1.78
 1811.78      1.73
 1811.71      1.80
 1811.68      1.76
 1811.78      1.85
 1811.75      1.76
 1811.75      1.78
 1811.78      1.84
 1811.69      1.78
 1811.77      1.71
 1811.68      1.77
 1811.80      1.82
 1811.73      1.78
 1811.58      1.73
 1811.71      1.77
 1811.70      1.78
 1811.71      1.75
 1811.66      1.81
 1811.69      1.76
 1811.68      1.80
 1811.80      1.75
 1811.71      1.78
 1811.79      1.78
 1811.81      1.77
 1811.71      1.76
 1811.71      1.78
 1811.85      1.79
 1811.73      1.64
 1811.65      1.75
 1811.66      1.85
 1811.66      1.80
 1811.65      1.75
 1811.80      1.76
 1811.75      1.79
 1811.79      1.75
 1811.76      1.82
 1811.73      1.80
 1811.66      1.73
 1811.71      1.83
 1811.71      1.75
 1811.77      1.79
 1811.77      1.75
 1811.72      1.78
 1811.68      1.78
 1811.70      1.73
 1811.69      1.75
 1811.68      1.76
 1811.63      1.74
 1811.70      1.75
 1811.75      1.74
 1811.61      1.72
 1811.68      1.78
 1812.50      1.78
 1811.82      1.84
 1811.73      1.74
 1811.76      1.81
 1811.72      1.68
 1811.76      1.68
 1811.76      1.71
 1811.76      1.79
 1811.65      1.78
 1811.79      1.82
 1811.79      1.80
 1811.78      1.80
 1811.86      1.77
 1811.69      1.76
 1811.67      1.77
 1811.71      1.74
 1811.76      1.74
 1811.84      1.77
 1811.70      1.75
 1811.76      1.80
 1811.76      1.70
 1811.71      1.71
 1811.64      1.77
 1811.63      1.79
 1811.64      1.80
 1811.76      1.72
 1811.73      1.81
 1811.73      1.77
 1811.67      1.75
 1811.66      1.82
 1811.84      1.75
 1811.74      1.76
 1811.79      1.82
 1811.77      1.70
 1811.83      1.77
 1811.68      1.77
 1811.72      1.76
 1811.77      1.83
 1811.70      1.77
 1811.71      1.72
 1811.65      1.77
 1811.72      1.83
 1811.76      1.71
 1811.72      1.76
 1811.73      1.80
 1811.82      1.81
 1811.67      1.80
 1811.72      1.79
 1811.65      1.76
 1811.75      1.70
 1811.85      1.75
 1811.72      1.75
 1811.77      1.71
 1811.76      1.79
 1811.74      1.76
 1811.72      1.80
 1811.73      1.78
 1811.70      1.79
 1811.76      1.76
 1811.69      1.72
 1811.69      1.79
 1811.77      1.77
 1811.62      1.80
 1811.72      1.79
 1839.37      1.83
 1839.38      1.71
 1839.42      1.80
 1839.55      1.79
 1839.36      1.76
 1839.39      1.81
 1839.41      1.83
 1839.43      1.78
 1839.43      1.90
 1839.42      1.80
 1839.45      1.78
 1839.42      1.76
 1839.42      1.84
 1839.59      1.78
 1839.43      1.71
 1839.54      1.77
 1839.41      1.84
 1839.36      1.75
 1839.39      1.73
 1839.39      1.85
 1839.40      1.78
 1839.37      1.77
 1839.38      1.81
 1839.38      1.80
 1839.36      1.85
 1839.52      1.79
 1839.40      1.76
 1839.39      1.77
 1839.47      1.85
 1839.50      1.81
 1839.46      1.79
 1839.34      1.80
 1839.39      1.81
 1839.45      1.89
 1839.37      1.81
 1839.37      1.82
 1839.32      1.78
 1839.50      1.78
 1839.43      1.78
 1839.39      1.79
 1839.49      1.86
 1839.51      1.80
 1839.42      1.79
 1839.40      1.85
 1839.37      1.78
 1839.47      1.81
 1839.42      1.86
 1839.46      1.78
 1839.38      1.78
 1839.39      1.81
 1839.41      1.74
 1839.39      1.75
 1839.37      1.82
 1839.45      1.86
 1839.35      1.82
 1839.54      1.77
 1839.42      1.81
 1839.33      1.80
 1839.43      1.79
 1839.40      1.82
 1839.41      1.83
 1839.43      1.78
 1839.37      1.74
 1839.50      1.84
 1840.32      1.78
 1839.43      1.86
 1839.38      1.77
 1839.29      1.82
 1839.23      1.83
 1839.34      1.79
 1839.36      1.75
 1839.31      1.73
 1839.41      1.86
 1839.35      1.76
 1839.27      1.78
 1839.38      1.86
 1839.52      1.78
 1839.42      1.80
 1839.47      1.79
 1839.43      1.87
 1839.36      1.78
 1839.37      1.75
 1839.39      1.77
 1839.53      1.79
 1839.42      1.74
 1839.43      1.81
 1839.45      1.86
 1839.47      1.85
 1839.46      1.83
 1839.38      1.80
 1839.48      1.78
 1839.41      1.82
 1839.43      1.82
 1839.52      1.80
 1839.40      1.88
 1839.50      1.78
 1839.37      1.83
 1839.49      1.74
 1839.44      1.84
 1839.38      1.88
 1839.33      1.81
 1839.40      1.79
 1839.44      1.80
 1839.47      1.81
 1839.48      1.83
 1839.45      1.79
 1839.34      1.84
 1839.45      1.75
 1839.45      1.77
 1839.37      1.74
 1839.48      1.83
 1839.46      1.77
 1839.35      1.84
 1839.50      1.85
 1839.39      1.88
 1839.33      1.80
 1839.36      1.79
 1839.42      1.76
 1839.31      1.87
 1839.49      1.73
 1839.45      1.74
 1839.33      1.82
 1839.42      1.72
 1839.41      1.75
 1839.36      1.78
 1839.52      1.85
 1839.46      1.81
 1839.47      1.78
 1724.00      1.77
 1723.96      1.85
 1724.00      1.73
 1723.92      1.84
 1723.87      1.75
 1723.96      1.73
 1723.93      1.80
 1723.89      1.78
 1723.85      1.71
 1723.95      1.79
 1723.89      1.77
 1723.98      1.83
 1723.86      1.76
 1723.92      1.68
 1723.97      1.76
 1723.99      1.78
 1723.93      1.81
 1723.95      1.68
 1723.97      1.83
 1723.86      1.69
 1723.98      1.80
 1723.92      1.73
 1723.91      1.72
 1723.93      1.78
 1723.87      1.73
 1723.81      1.77
 1723.89      1.79
 1723.96      1.73
 1723.89      1.74
 1723.93      1.76
 1723.94      1.73
 1723.88      1.84
 1723.89      1.80
 1723.97      1.71
 1723.95      1.72
 1723.91      1.80
 1723.88      1.74
 1723.96      1.73
 1724.07      1.74
 1723.87      1.73
 1723.96      1.77
 1723.88      1.77
 1723.98      1.80
 1723.82      1.79
 1723.93      1.86
 1723.87      1.80
 1723.96      1.77
 1723.97      1.77
 1723.89      1.72
 1723.99      1.74
 1723.99      1.87
 1723.92      1.71
 1723.88      1.81
 1724.06      1.83
 1723.94      1.76
 1723.94      1.73
 1723.92      1.77
 1723.94      1.74
 1724.03      1.81
 1723.83      1.74
 1723.85      1.80
 1723.91      1.80
 1723.87      1.82
 1723.99      1.78
 1724.57      1.73
 1723.95      1.77
 1724.01      1.77
 1723.89      1.73
 1723.96      1.76
 1723.91      1.76
 1723.97      1.73
 1723.83      1.79
 1723.94      1.87
 1724.04      1.77
 1723.93      1.74
 1723.94      1.82
 1723.95      1.78
 1723.71      1.71
 1723.80      1.71
 1723.96      1.82
 1723.90      1.72
 1723.88      1.85
 1723.94      1.79
 1723.87      1.75
 1723.91      1.78
 1723.91      1.82
 1723.96      1.84
 1723.95      1.78
 1723.99      1.72
 1723.84      1.81
 1723.93      1.76
 1723.91      1.81
 1724.00      1.79
 1723.86      1.65
 1723.91      1.78
 1723.89      1.71
 1723.90      1.80
 1723.98      1.74
 1723.89      1.74
 1723.87      1.73
 1723.89      1.73
 1723.90      1.78
 1723.85      1.78
 1723.92      1.73
 1723.88      1.76
 1723.95      1.74
 1723.97      1.76
 1723.92      1.78
 1724.03      1.83
 1723.95      1.75
 1723.92      1.78
 1723.97      1.80
 1723.89      1.71
 1723.96      1.80
 1723.93      1.84
 1723.99      1.84
 1723.92      1.81
 1723.96      1.81
 1723.97      1.79
 1723.81      1.77
 1723.93      1.77
 1723.92      1.80
 1724.02      1.79
 1723.95      1.80
 1723.91      1.76
 1723.90      1.81
 1723.86      1.75
 1723.92      1.84
 1818.50      1.90
 1818.53      1.79
 1818.60      1.86
 1818.56      1.90
 1818.64      1.83
 1818.58      1.85
 1818.76      1.84
 1818.68      1.77
 1818.52      1.93
 1818.61      1.91
 1818.62      1.80
 1818.58      1.87
 1818.60      1.82
 1818.54      1.82
 1818.54      1.76
 1818.54      1.91
 1818.64      1.77
 1818.47      1.88
 1818.55      1.78
 1818.65      1.85
 1818.57      1.82
 1818.58      1.85
 1818.55      1.80
 1818.56      1.93
 1818.62      1.88
 1818.60      1.81
 1818.62      1.87
 1818.49      1.86
 1818.50      1.86
 1818.62      1.87
 1818.62      1.82
 1818.49      1.89
 1818.54      1.82
 1818.64      1.85
 1818.58      1.95
 1818.49      1.87
 1818.48      1.89
 1818.44      1.83
 1818.59      1.82
 1818.57      1.87
 1818.61      1.84
 1818.55      1.88
 1818.59      1.87
 1818.54      1.86
 1818.48      1.84
 1818.62      1.83
 1818.65      1.84
 1818.65      1.88
 1818.51      1.86
 1818.61      1.86
 1818.59      1.88
 1818.55      1.86
 1818.58      1.84
 1818.60      1.88
 1818.56      1.82
 1818.64      1.83
 1818.63      1.88
 1818.55      1.83
 1818.61      1.85
 1818.59      1.80
 1818.58      1.90
 1818.61      1.83
 1818.51      1.86
 1818.62      1.86
 1819.45      1.84
 1818.72      1.90
 1818.59      1.82
 1818.51      1.83
 1818.55      1.84
 1818.57      1.89
 1818.43      1.77
 1818.61      1.88
 1818.46      1.79
 1818.61      1.86
 1818.61      1.79
 1818.47      1.88
 1818.44      1.89
 1818.50      1.88
 1818.56      1.91
 1818.52      1.81
 1818.60      1.84
 1818.62      1.89
 1818.49      1.80
 1818.47      1.80
 1818.70      1.86
 1818.55      1.77
 1818.61      1.95
 1818.44      1.80
 1818.49      1.87
 1818.53      1.94
 1818.56      1.82
 1818.63      1.84
 1818.62      1.80
 1818.52      1.83
 1818.63      1.78
 1818.54      1.86
 1818.58      1.72
 1818.64      1.87
 1818.64      1.80
 1818.59      1.84
 1818.64      1.83
 1818.54      1.81
 1818.59      1.86
 1818.59      1.82
 1818.57      1.87
 1818.58      1.77
 1818.62      1.82
 1818.48      1.88
 1818.49      1.76
 1818.60      1.88
 1818.65      1.86
 1818.51      1.87
 1818.59      1.86
 1818.51      1.84
 1818.61      1.90
 1818.63      1.85
 1818.51      1.88
 1818.56      1.76
 1818.51      1.83
 1818.60      1.83
 1818.55      1.89
 1818.60      1.82
 1818.61      1.76
 1818.63      1.85
 1818.54      1.85
 1818.52      1.86
 1818.49      1.83
 1818.59      1.85
 1836.34      1.80
 1836.35      1.93
 1836.36      1.83
 1836.28      1.78
 1836.25      1.87
 1836.26      1.86
 1836.23      1.88
 1836.30      1.81
 1836.32      1.89
 1836.22      1.87
 1836.24      1.81
 1836.28      1.81
 1836.27      1.83
 1836.43      1.82
 1836.36      1.88
 1836.10      1.78
 1836.33      1.79
 1836.26      1.89
 1836.33      1.83
 1836.21      1.91
 1836.34      1.84
 1836.19      1.80
 1836.25      1.80
 1836.26      1.87
 1836.28      1.85
 1836.15      1.85
 1836.20      1.81
 1836.26      1.88
 1836.27      1.83
 1836.13      1.78
 1836.27      1.86
 1836.20      1.88
 1836.21      1.76
 1836.34      1.81
 1836.25      1.85
 1836.26      1.78
 1836.24      1.86
 1836.26      1.90
 1836.30      1.79
 1836.30      1.90
 1836.26      1.85
 1836.26      1.79
 1836.24      1.86
 1836.17      1.79
 1836.21      1.84
 1836.22      1.81
 1836.24      1.85
 1836.21      1.80
 1836.37      1.82
 1836.30      1.84
 1836.21      1.84
 1836.28      1.76
 1836.23      1.90
 1836.27      1.84
 1836.11      1.73
 1836.28      1.94
 1836.26      1.80
 1836.28      1.80
 1836.24      1.74
 1836.27      1.81
 1836.37      1.84
 1836.17      1.84
 1836.29      1.84
 1836.28      1.78
 1837.47      1.83
 1836.35      1.87
 1836.24      1.83
 1836.36      1.74
 1836.27      1.86
 1836.24      1.82
 1836.15      1.88
 1836.22      1.92
 1836.16      1.84
 1836.11      1.79
 1836.18      1.90
 1836.19      1.83
 1836.26      1.81
 1836.17      1.79
 1836.25      1.82
 1836.29      1.82
 1836.17      1.87
 1836.28      1.81
 1836.22      1.82
 1836.24      1.90
 1836.19      1.80
 1836.31      1.79
 1836.35      1.83
 1836.23      1.82
 1836.34      1.90
 1836.31      1.81
 1836.24      1.85
 1836.27      1.82
 1836.24      1.85
 1836.34      1.77
 1836.21      1.84
 1836.23      1.82
 1836.24      1.86
 1836.19      1.84
 1836.21      1.82
 1836.41      1.83
 1836.26      1.87
 1836.28      1.84
 1836.25      1.95
 1836.29      1.82
 1836.31      1.82
 1836.16      1.80
 1836.19      1.87
 1836.26      1.86
 1836.25      1.81
 1836.25      1.78
 1836.25      1.90
 1836.29      1.84
 1836.22      1.83
 1836.22      1.83
 1836.29      1.84
 1836.31      1.81
 1836.26      1.82
 1836.17      1.81
 1836.22      1.83
 1836.32      1.80
 1836.22      1.83
 1836.26      1.86
 1836.28      1.84
 1836.14      1.87
 1836.29      1.79
 1836.32      1.82
 1836.27      1.81
 1836.30      1.81
