 1729.05      2.27
 1729.51      2.11
 1846.91      2.21
 1825.07      2.14
 1785.43      2.09
 1776.59      2.21
 1799.10      2.30
 1749.78      2.23
 1648.68      2.19
 1847.49      2.21
 1735.96      2.20
 1847.41      2.20
 1788.92      2.06
 1751.26      2.19
 1780.63      2.16
 1735.14      2.16
 1712.97      2.13
 1705.72      2.18
 1749.31      2.15
 1703.65      2.26
 1738.13      2.30
 1767.44      2.15
 1740.27      2.26
 1741.79      2.22
 1748.64      2.20
 1701.44      2.14
 1755.12      2.17
 1709.38      2.18
 1779.43      2.23
 1695.84      2.25
 1684.29      2.17
 1807.16      2.19
 1666.85      2.21
 1769.22      2.14
 1678.23      2.15
 1787.49      2.08
 1741.76      2.21
 1753.91      2.21
 1757.99      2.23
 1771.44      2.27
 1722.19      2.18
 1765.52      2.14
 1754.50      2.21
 1758.90      2.20
 1775.10      2.13
 1810.47      2.17
 1785.61      2.26
 1799.28      2.15
 1779.25      2.14
 1783.64      2.14
 1850.96      2.28
 1857.24      2.07
 1858.89      2.20
 1829.48      2.24
 1809.43      2.17
 1807.68      2.18
 1780.21      2.19
 1811.27      2.18
 1768.40      2.26
 1799.61      2.16
 1757.72      2.25
 1823.91      2.22
 1734.99      2.22
 1762.98      2.22
 1637.10      2.24
 1606.92      2.26
 1731.24      2.20
 1656.66      2.28
 1618.89      2.28
 1605.74      2.24
 1718.49      2.24
 1580.53      2.11
 1729.79      2.16
 1804.82      2.14
 1661.96      2.30
 1597.74      2.24
 1650.08      2.09
 1714.30      2.18
 1661.83      2.26
 1648.85      2.15
 1636.84      2.31
 1655.69      2.21
 1617.77      2.19
 1694.97      2.26
 1680.77      2.10
 1704.66      2.23
 1665.47      2.16
 1665.11      2.18
 1725.69      2.21
 1678.84      2.24
 1681.55      2.19
 1645.18      2.19
 1649.06      2.12
 1788.33      2.07
 1666.66      2.18
 1720.86      2.17
 1694.68      2.24
 1733.75      2.17
 1765.31      2.17
 1678.13      2.15
 1778.27      2.15
 1783.44      2.26
 1705.72      2.22
 1754.25      2.24
 1652.42      2.09
 1712.56      2.20
 1761.53      2.24
 1776.92      2.19
 1726.68      2.28
 1650.39      2.19
 1767.37      2.15
 1754.30      2.17
 1723.77      2.29
 1757.91      2.19
 1788.02      2.07
 1707.53      2.30
 1823.81      2.08
 1807.46      2.22
 1780.70      2.25
 1740.49      2.15
 1743.06      2.20
 1808.24      2.17
 1798.59      2.17
 1846.89      2.18
 1791.78      2.12
 1750.61      2.20
 1755.04      2.22
 1782.16      2.19
 1797.21      1.83
 1797.31      1.85
 1797.20      1.80
 1797.25      1.87
 1797.18      1.85
 1797.26      1.89
 1797.33      1.84
 1797.19      1.83
 1797.31      1.86
 1797.23      1.84
 1797.31      1.82
 1797.24      1.79
 1797.21      1.92
 1797.29      1.80
 1797.20      1.83
 1797.24      1.80
 1797.26      1.83
 1797.27      1.83
 1797.33      1.77
 1797.25      1.82
 1797.18      1.85
 1797.27      1.91
 1797.18      1.83
 1797.29      1.83
 1797.27      1.81
 1797.30      1.86
 1797.25      1.81
 1797.25      1.81
 1797.20      1.86
 1797.20      1.87
 1797.26      1.81
 1797.18      1.88
 1797.21      1.84
 1797.30      1.91
 1797.29      1.89
 1797.32      1.77
 1797.23      1.77
 1797.25      1.86
 1797.23      1.85
 1797.30      1.87
 1797.27      1.92
 1797.30      1.79
 1797.23      1.80
 1797.31      1.85
 1797.24      1.73
 1797.23      1.89
 1797.38      1.84
 1797.21      1.86
 1797.23      1.83
 1797.14      1.81
 1797.23      1.83
 1797.32      1.85
 1797.20      1.78
 1797.16      1.85
 1797.33      1.83
 1797.27      1.83
 1797.21      1.86
 1797.31      1.86
 1797.32      1.88
 1797.31      1.78
 1797.13      1.92
 1797.32      1.81
 1797.22      1.85
 1797.30      1.86
 1798.08      1.88
 1797.26      1.82
 1797.34      1.82
 1797.26      1.84
 1797.24      1.80
 1797.28      1.87
 1797.32      1.83
 1797.26      1.82
 1797.27      1.83
 1797.30      1.80
 1797.27      1.89
 1797.36      1.81
 1797.23      1.83
 1797.21      1.86
 1797.18      1.87
 1797.28      1.87
 1797.23      1.90
 1797.31      1.88
 1797.31      1.84
 1797.32      1.86
 1797.26      1.81
 1797.23      1.84
 1797.31      1.84
 1797.24      1.84
 1797.24      1.81
 1797.28      1.90
 1797.27      1.88
 1797.12      1.86
 1797.30      1.82
 1797.26      1.79
 1797.20      1.84
 1797.26      1.83
 1797.24      1.78
 1797.20      1.86
 1797.23      1.83
 1797.23      1.81
 1797.17      1.77
 1797.23      1.82
 1797.28      1.88
 1797.31      1.85
 1797.19      1.84
 1797.32      1.83
 1797.23      1.93
 1797.18      1.82
 1797.22      1.92
 1797.31      1.87
 1797.24      1.82
 1797.34      1.81
 1797.23      1.90
 1797.25      1.78
 1797.22      1.89
 1797.27      1.83
 1797.14      1.87
 1797.21      1.81
 1797.26      1.83
 1797.24      1.80
 1797.23      1.83
 1797.20      1.78
 1797.22      1.82
 1797.32      1.82
 1797.23      1.83
 1797.23      1.79
 1797.27      1.83
 1797.37      1.87
 1831.57      1.80
 1831.43      1.91
 1831.48      1.80
 1831.48      1.78
 1831.48      1.80
 1831.60      1.84
 1831.47      1.86
 1831.53      1.81
 1831.53      1.86
 1831.54      1.88
 1831.51      1.85
 1831.49      1.80
 1831.61      1.82
 1831.57      1.89
 1831.47      1.79
 1831.56      1.90
 1831.48      1.83
 1831.52      1.77
 1831.39      1.87
 1831.45      1.86
 1831.55      1.81
 1831.54      1.84
 1831.46      1.89
 1831.55      1.91
 1831.50      1.85
 1831.46      1.81
 1831.60      1.79
 1831.60      1.85
 1831.50      1.88
 1831.64      1.94
 1831.51      1.79
 1831.54      1.80
 1831.45      1.78
 1831.53      1.82
 1831.51      1.86
 1831.47      1.79
 1831.68      1.80
 1831.47      1.79
 1831.52      1.80
 1831.54      1.89
 1831.53      1.80
 1831.54      1.87
 1831.51      1.75
 1831.63      1.78
 1831.51      1.78
 1831.60      1.86
 1831.50      1.89
 1831.51      1.84
 1831.51      1.85
 1831.53      1.78
 1831.64      1.82
 1831.49      1.73
 1831.49      1.87
 1831.53      1.83
 1831.55      1.78
 1831.56      1.80
 1831.58      1.86
 1831.44      1.78
 1831.55      1.86
 1831.64      1.84
 1831.47      1.73
 1831.62      1.83
 1831.42      1.84
 1831.54      1.76
 1832.35      1.88
 1831.59      1.81
 1831.59      1.90
 1831.45      1.84
 1831.53      1.76
 1831.48      1.79
 1831.53      1.87
 1831.38      1.84
 1831.46      1.88
 1831.53      1.83
 1831.55      1.85
 1831.46      1.85
 1831.54      1.84
 1831.51      1.89
 1831.54      1.82
 1831.61      1.81
 1831.49      1.80
 1831.43      1.89
 1831.53      1.75
 1831.55      1.78
 1831.38      1.79
 1831.55      1.81
 1831.48      1.84
 1831.58      1.80
 1831.51      1.89
 1831.40      1.90
 1831.48      1.85
 1831.55      1.82
 1831.45      1.83
 1831.52      1.74
 1831.48      1.73
 1831.46      1.75
 1831.40      1.87
 1831.54      1.78
 1831.55      1.88
 1831.58      1.80
 1831.55      1.79
 1831.60      1.85
 1831.55      1.82
 1831.39      1.76
 1831.56      1.84
 1831.43      1.73
 1831.54      1.84
 1831.57      1.84
 1831.52      1.86
 1831.50      1.79
 1831.47      1.82
 1831.59      1.84
 1831.54      1.83
 1831.55      1.79
 1831.61      1.82
 1831.63      1.84
 1831.43      1.77
 1831.50      1.81
 1831.48      1.79
 1831.58      1.81
 1831.46      1.76
 1831.53      1.75
 1831.54      1.82
 1831.50      1.81
 1831.48      1.79
 1831.48      1.82
 1831.45      1.84
 1831.46      1.84
 1812.74      1.76
 1812.66      1.80
 1812.64      1.74
 1812.61      1.86
 1812.70      1.80
 1812.71      1.83
 1812.65      1.79
 1812.64      1.81
 1812.56      1.75
 1812.71      1.77
 1812.70      1.84
 1812.61      1.76
 1812.79      1.80
 1812.68      1.77
 1812.72      1.76
 1812.79      1.86
 1812.70      1.76
 1812.63      1.81
 1812.74      1.87
 1812.76      1.83
 1812.72      1.76
 1812.64      1.79
 1812.63      1.80
 1812.63      1.81
 1812.66      1.78
 1812.59      1.73
 1812.69      1.81
 1812.79      1.76
 1812.79      1.72
 1812.72      1.80
 1812.80      1.76
 1812.66      1.74
 1812.71      1.83
 1812.54      1.81
 1812.71      1.79
 1812.70      1.76
 1812.69      1.81
 1812.72      1.77
 1812.62      1.81
 1812.70      1.78
 1812.70      1.82
 1812.73      1.77
 1812.68      1.86
 1812.67      1.79
 1812.69      1.70
 1812.66      1.73
 1812.75      1.77
 1812.75      1.76
 1812.74      1.80
 1812.65      1.77
 1812.66      1.76
 1812.66      1.76
 1812.65      1.76
 1812.56      1.75
 1812.63      1.81
 1812.67      1.76
 1812.66      1.75
 1812.73      1.84
 1812.62      1.79
 1812.79      1.85
 1812.66      1.78
 1812.73      1.84
 1812.67      1.80
 1812.66      1.79
 1813.61      1.83
 1812.72      1.83
 1812.73      1.76
 1812.62      1.76
 1812.65      1.83
 1812.71      1.75
 1812.67      1.75
 1812.71      1.74
 1812.73      1.74
 1812.69      1.81
 1812.60      1.74
 1812.67      1.85
 1812.65      1.81
 1812.61      1.79
 1812.67      1.77
 1812.58      1.76
 1812.64      1.78
 1812.61      1.76
 1812.67      1.80
 1812.68      1.76
 1812.63      1.77
 1812.81      1.81
 1812.62      1.78
 1812.73      1.84
 1812.66      1.79
 1812.77      1.78
 1812.64      1.75
 1812.77      1.82
 1812.67      1.82
 1812.66      1.70
 1812.75      1.83
 1812.59      1.64
 1812.79      1.83
 1812.64      1.81
 1812.67      1.85
 1812.72      1.81
 1812.76      1.78
 1812.69      1.75
 1812.55      1.80
 1812.80      1.81
 1812.70      1.80
 1812.68      1.81
 1812.72      1.83
 1812.65      1.81
 1812.79      1.81
 1812.75      1.80
 1812.75      1.84
 1812.68      1.81
 1812.60      1.87
 1812.71      1.79
 1812.65      1.85
 1812.70      1.87
 1812.74      1.77
 1812.78      1.73
 1812.67      1.79
 1812.77      1.83
 1812.72      1.77
 1812.69      1.81
 1812.68      1.76
 1812.70      1.73
 1812.62      1.84
 1812.68      1.78
 1812.71      1.82
 1812.64      1.74
 1838.73      1.83
 1838.86      1.89
 1838.87      1.80
 1838.85      1.82
 1838.78      1.83
 1838.84      1.79
 1838.92      1.78
 1838.89      1.82
 1838.87      1.82
 1838.94      1.88
 1838.79      1.83
 1838.83      1.80
 1838.82      1.86
 1838.83      1.83
 1838.91      1.77
 1838.80      1.77
 1838.86      1.82
 1838.91      1.81
 1838.82      1.83
 1838.92      1.86
 1838.90      1.81
 1838.89      1.77
 1838.83      1.81
 1838.76      1.84
 1838.92      1.84
 1838.81      1.83
 1838.83      1.81
 1838.91      1.85
 1838.84      1.78
 1838.88      1.86
 1838.86      1.79
 1838.88      1.85
 1838.90      1.77
 1838.79      1.87
 1838.80      1.82
 1838.83      1.77
 1838.84      1.83
 1838.89      1.78
 1838.89      1.81
 1838.83      1.76
 1838.79      1.79
 1838.80      1.77
 1838.81      1.78
 1838.75      1.76
 1838.84      1.92
 1838.87      1.75
 1838.92      1.85
 1838.89      1.84
 1838.87      1.77
 1838.86      1.85
 1838.86      1.86
 1838.82      1.80
 1838.97      1.79
 1838.85      1.88
 1838.92      1.83
 1838.92      1.81
 1838.87      1.83
 1838.87      1.84
 1838.85      1.77
 1838.77      1.80
 1838.88      1.87
 1838.87      1.84
 1838.82      1.76
 1838.81      1.79
 1839.68      1.86
 1838.86      1.86
 1838.87      1.72
 1838.77      1.80
 1838.84      1.81
 1838.73      1.75
 1838.71      1.86
 1838.86      1.80
 1838.88      1.83
 1838.78      1.84
 1838.87      1.82
 1838.85      1.81
 1838.90      1.74
 1838.85      1.72
 1838.94      1.82
 1838.88      1.88
 1838.81      1.86
 1838.93      1.77
 1838.88      1.83
 1838.88      1.82
 1838.87      1.84
 1838.74      1.79
 1838.94      1.79
 1838.93      1.87
 1838.90      1.82
 1838.97      1.73
 1838.85      1.83
 1838.88      1.84
 1839.06      1.79
 1838.79      1.82
 1838.89      1.92
 1838.90      1.86
 1838.88      1.82
 1838.84      1.83
 1838.83      1.73
 1838.83      1.87
 1838.90      1.77
 1838.91      1.75
 1838.74      1.82
 1838.79      1.78
 1838.83      1.81
 1838.91      1.80
 1838.87      1.84
 1838.76      1.85
 1838.83      1.82
 1838.88      1.81
 1838.82      1.75
 1838.86      1.74
 1838.88      1.83
 1838.81      1.76
 1838.83      1.82
 1838.79      1.83
 1838.95      1.89
 1838.82      1.85
 1838.91      1.76
 1838.89      1.78
 1838.91      1.77
 1838.89      1.82
 1838.83      1.81
 1838.87      1.76
 1838.81      1.81
 1838.86      1.76
 1838.81      1.82
 1838.83      1.76
 1726.37      1.77
 1726.36      1.79
 1726.45      1.82
 1726.34      1.78
 1726.38      1.79
 1726.41      1.80
 1726.40      1.78
 1726.32      1.77
 1726.44      1.74
 1726.41      1.73
 1726.47      1.84
 1726.44      1.74
 1726.36      1.78
 1726.43      1.76
 1726.40      1.71
 1726.44      1.82
 1726.43      1.79
 1726.42      1.77
 1726.30      1.83
 1726.42      1.76
 1726.40      1.79
 1726.48      1.80
 1726.36      1.76
 1726.41      1.81
 1726.52      1.75
 1726.38      1.74
 1726.39      1.81
 1726.44      1.74
 1726.45      1.75
 1726.45      1.80
 1726.33      1.71
 1726.38      1.75
 1726.42      1.76
 1726.34      1.79
 1726.40      1.77
 1726.34      1.82
 1726.34      1.74
 1726.40      1.84
 1726.34      1.84
 1726.39      1.80
 1726.29      1.80
 1726.39      1.82
 1726.39      1.75
 1726.36      1.82
 1726.38      1.77
 1726.42      1.75
 1726.42      1.77
 1726.38      1.82
 1726.31      1.75
 1726.39      1.75
 1726.32      1.79
 1726.41      1.79
 1726.31      1.68
 1726.45      1.76
 1726.42      1.76
 1726.41      1.75
 1726.45      1.80
 1726.42      1.76
 1726.49      1.78
 1726.43      1.75
 1726.43      1.82
 1726.52      1.75
 1726.44      1.77
 1726.37      1.76
 1727.16      1.77
 1726.42      1.78
 1726.39      1.76
 1726.41      1.77
 1726.32      1.76
 1726.40      1.72
 1726.41      1.74
 1726.40      1.74
 1726.34      1.86
 1726.40      1.74
 1726.34      1.77
 1726.48      1.73
 1726.35      1.78
 1726.28      1.74
 1726.47      1.79
 1726.42      1.80
 1726.41      1.79
 1726.37      1.80
 1726.36      1.82
 1726.41      1.77
 1726.48      1.80
 1726.50      1.80
 1726.45      1.79
 1726.49      1.78
 1726.50      1.78
 1726.38      1.64
 1726.43      1.80
 1726.32      1.75
 1726.44      1.80
 1726.40      1.82
 1726.39      1.79
 1726.41      1.71
 1726.39      1.73
 1726.42      1.77
 1726.41      1.83
 1726.31      1.76
 1726.39      1.74
 1726.35      1.79
 1726.45      1.84
 1726.48      1.74
 1726.44      1.80
 1726.35      1.79
 1726.39      1.76
 1726.36      1.70
 1726.42      1.78
 1726.34      1.73
 1726.38      1.73
 1726.46      1.76
 1726.29      1.76
 1726.41      1.76
 1726.43      1.74
 1726.38      1.77
 1726.36      1.81
 1726.42      1.78
 1726.39      1.82
 1726.42      1.71
 1726.30      1.76
 1726.38      1.80
 1726.42      1.81
 1726.45      1.80
 1726.41      1.79
 1726.42      1.71
 1726.45      1.71
 1726.34      1.81
 1820.15      1.84
 1819.98      1.83
 1820.16      1.87
 1820.16      1.84
 1820.17      1.90
 1820.07      1.82
 1820.16      1.86
 1820.10      1.81
 1820.07      1.85
 1819.98      1.90
 1820.16      1.91
 1820.07      1.91
 1820.09      1.86
 1820.13      1.78
 1820.01      1.81
 1820.07      1.85
 1820.11      1.84
 1820.16      1.85
 1820.04      1.83
 1820.12      1.86
 1820.04      1.81
 1820.01      1.79
 1820.07      1.97
 1820.19      1.87
 1820.09      1.85
 1820.10      1.87
 1820.05      1.90
 1820.03      1.78
 1820.04      1.86
 1820.06      1.90
 1819.99      1.88
 1820.14      1.84
 1820.06      1.83
 1820.17      1.84
 1820.04      1.95
 1819.98      1.83
 1820.10      1.78
 1820.05      1.85
 1820.12      1.86
 1820.09      1.85
 1820.11      1.86
 1820.09      1.85
 1820.09      1.89
 1820.06      1.84
 1820.06      1.86
 1819.99      1.88
 1820.08      1.91
 1820.00      1.85
 1820.08      1.85
 1820.14      1.81
 1820.06      1.83
 1820.01      1.91
 1820.02      1.82
 1820.12      1.79
 1819.99      1.85
 1820.10      1.78
 1820.09      1.88
 1820.10      1.90
 1820.05      1.91
 1820.14      1.90
 1820.02      1.81
 1820.12      1.86
 1820.12      1.83
 1820.07      1.86
 1820.88      1.86
 1820.14      1.87
 1820.11      1.90
 1820.10      1.89
 1820.07      1.81
 1820.03      1.88
 1820.04      1.89
 1820.07      1.85
 1820.13      1.91
 1820.09      1.80
 1820.07      1.88
 1820.07      1.85
 1820.11      1.81
 1820.06      1.80
 1820.09      1.87
 1819.99      1.83
 1820.06      1.78
 1820.11      1.90
 1820.11      1.82
 1820.11      1.86
 1820.11      1.88
 1820.01      1.83
 1820.10      1.85
 1820.11      1.78
 1820.11      1.83
 1820.06      1.84
 1819.97      1.86
 1820.05      1.82
 1820.12      1.90
 1820.03      1.80
 1820.08      1.82
 1820.12      1.84
 1820.07      1.82
 1820.03      1.82
 1820.00      1.86
 1820.06      1.77
 1819.94      1.87
 1820.09      1.85
 1820.12      1.90
 1819.98      1.81
 1820.05      1.82
 1820.05      1.80
 1820.09      1.84
 1819.98      1.87
 1820.13      1.88
 1820.12      1.80
 1820.13      1.85
 1820.09      1.85
 1820.12      1.78
 1820.05      1.76
 1820.01      1.79
 1820.03      1.86
 1820.09      1.80
 1819.98      1.80
 1820.15      1.74
 1820.12      1.79
 1820.14      1.82
 1820.12      1.82
 1820.11      1.94
 1820.01      1.81
 1820.07      1.86
 1820.07      1.87
 1820.07      1.82
 1820.10      1.82
 1837.13      1.88
 1837.14      1.86
 1837.15      1.85
 1837.09      1.84
 1837.15      1.85
 1837.22      1.86
 1837.13      1.84
 1837.09      1.84
 1837.19      1.80
 1837.22      1.85
 1837.12      1.91
 1837.09      1.90
 1837.03      1.80
 1837.09      1.87
 1837.09      1.80
 1837.17      1.86
 1837.08      1.84
 1836.98      1.89
 1837.12      1.89
 1837.22      1.92
 1837.17      1.89
 1837.10      1.79
 1837.04      1.79
 1837.13      1.84
 1837.11      1.94
 1837.15      1.84
 1837.21      1.88
 1837.15      1.85
 1837.14      1.85
 1837.14      1.79
 1837.13      1.85
 1837.11      1.91
 1837.15      1.83
 1837.09      1.78
 1837.00      1.80
 1837.11      1.89
 1837.07      1.87
 1837.19      1.85
 1837.05      1.81
 1837.17      1.80
 1837.14      1.85
 1837.03      1.77
 1837.11      1.82
 1837.18      1.89
 1837.16      1.91
 1837.04      1.93
 1837.14      1.80
 1837.04      1.84
 1837.06      1.84
 1837.12      1.74
 1837.26      1.87
 1837.05      1.87
 1837.16      1.78
 1837.11      1.84
 1837.08      1.83
 1837.08      1.90
 1837.21      1.87
 1837.21      1.83
 1837.14      1.83
 1837.17      1.84
 1837.04      1.90
 1837.04      1.83
 1837.10      1.89
 1837.11      1.85
 1838.21      1.83
 1837.27      1.83
 1837.20      1.88
 1837.10      1.86
 1837.03      1.90
 1837.03      1.86
 1837.09      1.88
 1837.11      1.80
 1837.02      1.88
 1837.11      1.83
 1837.08      1.82
 1837.08      1.86
 1837.14      1.90
 1837.18      1.81
 1837.04      1.89
 1837.09      1.81
 1837.00      1.85
 1837.16      1.83
 1837.05      1.82
 1837.16      1.89
 1837.14      1.74
 1837.10      1.81
 1837.17      1.86
 1837.19      1.80
 1837.21      1.87
 1837.10      1.83
 1837.21      1.89
 1837.10      1.83
 1837.20      1.84
 1837.09      1.83
 1837.09      1.86
 1837.14      1.90
 1837.08      1.82
 1837.20      1.89
 1837.15      1.88
 1837.14      1.80
 1837.11      1.83
 1837.14      1.80
 1837.06      1.79
 1837.24      1.79
 1837.08      1.82
 1837.13      1.84
 1837.21      1.88
 1837.10      1.89
 1837.27      1.87
 1837.08      1.78
 1837.14      1.81
 1837.16      1.90
 1837.09      1.84
 1837.26      1.87
 1837.11      1.90
 1837.15      1.82
 1837.12      1.80
 1837.16      1.77
 1837.18      1.76
 1837.14      1.82
 1837.19      1.79
 1837.18      1.84
 1837.08      1.79
 1837.19      1.84
 1837.10      1.82
 1837.19      1.82
 1837.07      1.87
 1837.20      1.85
