2008.08.30 17:45:55 : 0 0 1 1 1 1 1 1 1 1 1 1 1 1 1 1 1 1 1 1 1 1 1 0    0    0  0  0  1  1 95  2   6.5 100.0   6.5 100.0 +25.38 +97.06 +97.06 +97.06 +97.06 +25.12 +25.38 +97.00 +97.06 +97.12 +97.00 +25.06 +97.06 +97.06 +97.06 +97.06 +97.06 +97.12 +97.00 +97.06 +97.12 +97.00 
2008.08.30 17:45:56 : 0 0 1 1 1 1 1 1 1 1 1 1 1 1 1 1 1 1 1 1 1 1 1 0    0    0  0  0  1  1 95  2   6.5 100.0   6.5 100.0 +25.38 +97.06 +97.06 +97.06 +97.06 +25.12 +25.38 +97.00 +97.06 +97.12 +97.00 +25.06 +97.06 +97.06 +97.06 +97.06 +97.06 +97.12 +97.00 +97.06 +97.12 +97.00 
2008.08.30 17:45:57 : 0 0 1 1 1 1 1 1 1 1 1 1 1 1 1 1 1 1 1 1 1 1 1 0    0    0  0  0  1  1 95  2   6.5 100.0   6.5 100.0 +25.38 +97.06 +97.06 +97.06 +97.06 +25.12 +25.38 +97.00 +97.06 +97.12 +97.00 +25.06 +97.06 +97.06 +97.06 +97.06 +97.06 +97.12 +97.00 +97.06 +97.12 +97.00 
2008.08.30 17:45:58 : 0 0 1 1 1 1 1 1 1 1 1 1 1 1 1 1 1 1 1 1 1 1 1 0    0    0  0  0  1  1 95  2   6.5 100.0   6.5 100.0 +25.38 +97.06 +97.06 +97.06 +97.06 +25.06 +25.38 +97.00 +97.06 +97.12 +97.00 +25.06 +97.06 +97.06 +97.06 +97.06 +97.06 +97.12 +97.00 +97.06 +97.12 +97.00 
2008.08.30 17:45:59 : 0 0 1 1 1 1 1 1 1 1 1 1 1 1 1 1 1 1 1 1 1 1 1 0    0    0  0  0  1  1 95  2   6.5 100.0   6.5 100.0 +25.38 +97.06 +97.06 +97.06 +97.06 +25.12 +25.38 +97.00 +97.06 +97.12 +97.00 +25.06 +97.06 +97.06 +97.06 +97.06 +97.06 +97.12 +97.00 +97.06 +97.12 +97.00 
2008.08.30 17:46:00 : 0 0 1 1 1 1 1 1 1 1 1 1 1 1 1 1 1 1 1 1 1 1 1 0    0    0  0  0  1  1 95  2   6.5 100.0   6.5 100.0 +25.38 +97.06 +97.06 +97.06 +97.06 +25.12 +25.38 +97.00 +97.06 +97.12 +97.00 +25.06 +97.06 +97.06 +97.06 +97.06 +97.06 +97.12 +97.00 +97.06 +97.12 +97.00 
2008.08.30 17:46:01 : 0 0 1 1 1 1 1 1 1 1 1 1 1 1 1 1 1 1 1 1 1 1 1 0    0    0  0  0  1  1 95  2   6.5 100.0   6.5 100.0 +25.38 +97.06 +97.06 +97.06 +97.06 +25.12 +25.38 +97.00 +97.06 +97.12 +97.00 +25.06 +97.06 +97.06 +97.06 +97.06 +97.06 +97.12 +97.00 +97.06 +97.12 +97.00 
2008.08.30 17:46:02 : 0 0 1 1 1 1 1 1 1 1 1 1 1 1 1 1 1 1 1 1 1 1 1 0    0    0  0  0  1  1 95  2   6.5 100.0   6.5 100.0 +25.44 +97.06 +97.06 +97.06 +97.06 +25.12 +25.38 +97.00 +97.06 +97.12 +97.00 +25.06 +97.06 +97.06 +97.06 +97.06 +97.06 +97.12 +97.00 +97.06 +97.12 +97.00 
2008.08.30 17:46:03 : 0 0 1 1 1 1 1 1 1 1 1 1 1 1 1 1 1 1 1 1 1 1 1 0    0    0  0  0  1  1 95  2   6.5 100.0   6.5 100.0 +25.50 +97.06 +97.06 +97.06 +97.06 +25.12 +25.38 +97.00 +97.06 +97.12 +97.00 +25.06 +97.06 +97.06 +97.06 +97.06 +97.06 +97.12 +97.00 +97.06 +97.12 +97.00 
2008.08.30 17:46:04 : 0 0 1 1 1 1 1 1 1 1 1 1 1 1 1 1 1 1 1 1 1 1 1 0    0    0  0  0  1  1 95  2   6.5 100.0   6.5 100.0 +25.44 +97.06 +97.06 +97.06 +97.06 +25.06 +25.38 +97.00 +97.06 +97.12 +97.00 +25.06 +97.12 +97.12 +97.12 +97.12 +97.12 +97.12 +97.00 +97.12 +97.12 +97.00 
2008.08.30 17:46:05 : 0 0 1 1 1 1 1 1 1 1 1 1 1 1 1 1 1 1 1 1 1 1 1 0    0    0  0  0  1  1 95  2   6.5 100.0   6.5 100.0 +25.44 +97.06 +97.06 +97.06 +97.06 +25.12 +25.38 +97.00 +97.06 +97.12 +97.00 +25.06 +97.06 +97.06 +97.06 +97.06 +97.06 +97.12 +97.00 +97.06 +97.12 +97.00 
2008.08.30 17:46:06 : 0 0 1 1 1 1 1 1 1 1 1 1 1 1 1 1 1 1 1 1 1 1 1 0    0    0  0  0  1  1 95  2   6.5 100.0   6.5 100.0 +25.44 +97.06 +97.06 +97.06 +97.06 +25.12 +25.38 +97.00 +97.06 +97.12 +97.00 +25.06 +97.06 +97.06 +97.06 +97.06 +97.06 +97.12 +97.00 +97.06 +97.12 +97.00 
2008.08.30 17:46:07 : 0 0 1 1 1 1 1 1 1 1 1 1 1 1 1 1 1 1 1 1 1 1 1 0    0    0  0  0  1  1 95  2   6.5 100.0   6.5 100.0 +25.44 +97.06 +97.06 +97.06 +97.06 +25.12 +25.38 +97.00 +97.06 +97.12 +97.00 +25.06 +97.06 +97.06 +97.06 +97.06 +97.06 +97.12 +97.00 +97.06 +97.12 +97.00 
2008.08.30 17:46:08 : 0 0 1 1 1 1 1 1 1 1 1 1 1 1 1 1 1 1 1 1 1 1 1 0    0    0  0  0  1  1 95  2   6.5 100.0   6.5 100.0 +25.38 +97.06 +97.06 +97.06 +97.06 +25.12 +25.38 +97.00 +97.06 +97.12 +97.00 +25.06 +97.06 +97.06 +97.06 +97.06 +97.06 +97.12 +97.00 +97.06 +97.12 +97.00 
2008.08.30 17:46:09 : 0 0 1 1 1 1 1 1 1 1 1 1 1 1 1 1 1 1 1 1 1 1 1 0    0    0  0  0  1  1 95  2   6.5 100.0   6.5 100.0 +25.44 +97.06 +97.06 +97.06 +97.06 +25.12 +25.38 +97.00 +97.06 +97.12 +97.00 +25.06 +97.06 +97.06 +97.06 +97.06 +97.06 +97.12 +97.00 +97.06 +97.12 +97.00 
2008.08.30 17:46:10 : 0 0 1 1 1 1 1 1 1 1 1 1 1 1 1 1 1 1 1 1 1 1 1 0    0    0  0  0  1  1 95  2   6.5 100.0   6.5 100.0 +25.50 +97.12 +97.12 +97.12 +97.12 +25.19 +25.38 +97.00 +97.12 +97.12 +97.00 +25.12 +97.12 +97.12 +97.06 +97.06 +97.06 +97.12 +97.00 +97.06 +97.12 +97.00 
2008.08.30 17:46:11 : 0 0 1 1 1 1 1 1 1 1 1 1 1 1 1 1 1 1 1 1 1 1 1 0    0    0  0  0  1  1 95  2   6.5 100.0   6.5 100.0 +25.44 +97.06 +97.06 +97.06 +97.06 +25.12 +25.38 +97.00 +97.06 +97.12 +97.00 +25.06 +97.06 +97.06 +97.06 +97.06 +97.06 +97.12 +97.00 +97.06 +97.12 +97.00 
2008.08.30 17:46:12 : 0 0 1 1 1 1 1 1 1 1 1 1 1 1 1 1 1 1 1 1 1 1 1 0    0    0  0  0  1  1 95  2   6.5 100.0   6.5 100.0 +25.44 +97.06 +97.06 +97.06 +97.06 +25.12 +25.38 +97.00 +97.06 +97.12 +97.00 +25.06 +97.06 +97.06 +97.06 +97.06 +97.06 +97.12 +97.00 +97.06 +97.12 +97.00 
2008.08.30 17:46:13 : 0 0 1 1 1 1 1 1 1 1 1 1 1 1 1 1 1 1 1 1 1 1 1 0    0    0  0  0  1  1 95  2   6.5 100.0   6.5 100.0 +25.44 +97.06 +97.06 +97.06 +97.06 +25.12 +25.38 +97.00 +97.06 +97.12 +97.00 +25.06 +97.06 +97.06 +97.06 +97.06 +97.06 +97.12 +97.00 +97.06 +97.12 +97.00 
2008.08.30 17:46:15 : 0 0 1 1 1 1 1 1 1 1 1 1 1 1 1 1 1 1 1 1 1 1 1 0    0    0  0  0  1  1 95  2   6.5 100.0   6.5 100.0 +25.44 +97.06 +97.06 +97.06 +97.06 +25.12 +25.38 +97.00 +97.06 +97.12 +97.00 +25.06 +97.06 +97.06 +97.06 +97.06 +97.06 +97.12 +97.00 +97.06 +97.12 +97.00 
2008.08.30 17:46:16 : 0 0 1 1 1 1 1 1 1 1 1 1 1 1 1 1 1 1 1 1 1 1 1 0    0    0  0  0  1  1 95  2   6.5 100.0   6.5 100.0 +25.44 +97.06 +97.06 +97.12 +97.12 +25.19 +25.38 +97.00 +97.12 +97.12 +97.00 +25.12 +97.12 +97.12 +97.12 +97.12 +97.12 +97.12 +97.00 +97.12 +97.12 +97.00 
2008.08.30 17:46:17 : 0 0 1 1 1 1 1 1 1 1 1 1 1 1 1 1 1 1 1 1 1 1 1 0    0    0  0  0  1  1 95  2   6.5 100.0   6.5 100.0 +25.38 +97.06 +97.06 +97.06 +97.06 +25.12 +25.38 +97.00 +97.06 +97.12 +97.00 +25.06 +97.06 +97.06 +97.06 +97.06 +97.06 +97.12 +97.00 +97.06 +97.12 +97.00 
