0,   0,  0
1,   0,  0
2,   0,  0
3,   0,  0
4,   0,  0
5,   0,  0
6,   0,  0
7,   0,  0
8,   0,  0
9,   0,  0
10,   0,  0
11,   0,  0
12,   0,  0
13,   0,  0
14,   0,  0
15,   0,  0
   1  1  1 66.00 0.00 0.00 0.00  548
   2  1  2 6886.88 0.00 0.00 0.00 49151
   3  1  3 8.25 0.00 0.00 0.00   88
   4  1  4 3309.12 0.00 0.00 0.00 65503
   5  1  5 4096.00 0.00 0.00 0.00 1056
   6  1  6 7663.88 0.00 0.00 0.00 23551
   7  1  7 128.00 0.00 0.00 0.00 1153
   8  1  8 246.12 0.00 0.00 0.00 57247
   9  1  9 2658.00 0.00 0.00 0.00  262
  10  1 10 8190.88 0.00 0.00 0.00 49023
  11  1 11 2820.00 0.00 0.00 0.00 33806
  12  1 12 3823.75 0.00 0.00 0.00 65535
  13  1 13 578.00 0.00 0.00 0.00 17934
  14  1 14 7134.62 0.00 0.00 0.00 14959
  15  1 15 2080.75 0.00 0.00 0.00   72
  16  1 16 3327.88 0.00 0.00 0.00 61439
  17  1 17 65.00 0.00 0.00 0.00 16512
  18  1 18 7934.88 0.00 0.00 0.00 61438
  19  1 19 2180.25 0.00 0.00 0.00  304
  20  1 20 6127.88 0.00 0.00 0.00 62715
  21  1 21 0.00 0.00 0.00 0.00 2092
  22  1 22 3309.88 0.00 0.00 0.00 32751
  23  1 23 170.12 0.00 0.00 0.00 49152
  24  1 24 6861.62 0.00 0.00 0.00 16158
  25  1 25 4100.38 0.00 0.00 0.00 4416
  26  1 26 4079.88 0.00 0.00 0.00 65519
  27  1 27 0.12 0.00 0.00 0.00    4
  28  1 28 8154.88 0.00 0.00 0.00 32093
  29  1 29 8.00 0.00 0.00 0.00   32
  30  1 30 3051.75 0.00 0.00 0.00 60926
  31  1 31 1024.12 0.00 0.00 0.00 25632
  32  1 32 7903.88 0.00 0.00 0.00 32767
  33  1 33 8.00 0.00 0.00 0.00 16440
  34  1 34 5887.88 0.00 0.00 0.00 56319
  35  1 35 0.50 0.00 0.00 0.00    2
  36  1 36 2811.38 0.00 0.00 0.00 64927
  37  1 37 132.12 0.00 0.00 0.00 12832
  38  1 38 7166.88 0.00 0.00 0.00 28239
  39  1 39 2052.25 0.00 0.00 0.00 30464
  40  1 40 2221.88 0.00 0.00 0.00 65535
  41  1 41 162.00 0.00 0.00 0.00  384
  42  1 42 3567.75 0.00 0.00 0.00 65496
  43  1 43 528.25 0.00 0.00 0.00 33845
  44  1 44 7487.88 0.00 0.00 0.00 32634
  45  1 45 512.12 0.00 0.00 0.00 17674
  46  1 46 5886.38 0.00 0.00 0.00 38855
  47  1 47 34.12 0.00 0.00 0.00  517
  48  1 48 7806.38 0.00 0.00 0.00 32767
  49  1 49 2112.25 0.00 0.00 0.00 34835
  50  1 50 8190.88 0.00 0.00 0.00 32759
  51  1 51 0.50 0.00 0.00 0.00 16660
  52  1 52 8190.62 0.00 0.00 0.00 28671
  53  1 53 0.00 0.00 0.00 0.00 16480
  54  1 54 4079.88 0.00 0.00 0.00 65534
  55  1 55 68.25 0.00 0.00 0.00 16517
  56  1 56 7929.88 0.00 0.00 0.00 57326
  57  1 57 2056.00 0.00 0.00 0.00   67
  58  1 58 6893.88 0.00 0.00 0.00 48983
  59  1 59 96.12 0.00 0.00 0.00 16385
  60  1 60 2029.88 0.00 0.00 0.00 65239
  61  1 61 3080.12 0.00 0.00 0.00   64
  62  1 62 8158.88 0.00 0.00 0.00 63483
  63  1 63 512.00 0.00 0.00 0.00 17448
  64  1 64 7767.38 0.00 0.00 0.00 64991
  65  2  1 194.75 0.00 0.00 0.00 5649
  66  2  2 7919.38 0.00 0.00 0.00 63486
  67  2  3 10.00 0.00 0.00 0.00 36928
  68  2  4 1749.62 0.00 0.00 0.00 65279
  69  2  5 1056.00 0.00 0.00 0.00   68
  70  2  6 975.88 0.00 0.00 0.00 64511
  71  2  7 0.50 0.00 0.00 0.00    8
  72  2  8 7667.88 0.00 0.00 0.00 65279
  73  2  9 136.00 0.00 0.00 0.00  848
  74  2 10 6139.88 0.00 0.00 0.00 16117
  75  2 11 1028.12 0.00 0.00 0.00 12561
  76  2 12 1878.88 0.00 0.00 0.00 39934
  77  2 13 2054.00 0.00 0.00 0.00 6144
  78  2 14 7166.88 0.00 0.00 0.00 65527
  79  2 15 2052.12 0.00 0.00 0.00  512
  80  2 16 4077.88 0.00 0.00 0.00 65503
  81  2 17 8.88 0.00 0.00 0.00  320
  82  2 18 4015.88 0.00 0.00 0.00 56671
  83  2 19 580.25 0.00 0.00 0.00 17000
  84  2 20 3838.88 0.00 0.00 0.00 48879
  85  2 21 2120.50 0.00 0.00 0.00  545
  86  2 22 5883.38 0.00 0.00 0.00 32751
  87  2 23 0.50 0.00 0.00 0.00   41
  88  2 24 767.62 0.00 0.00 0.00 63351
  89  2 25 2048.00 0.00 0.00 0.00  104
  90  2 26 3311.75 0.00 0.00 0.00 60767
  91  2 27 256.62 0.00 0.00 0.00 4948
  92  2 28 7546.62 0.00 0.00 0.00 51167
  93  2 29 4164.50 0.00 0.00 0.00 19488
  94  2 30 7021.88 0.00 0.00 0.00 65526
  95  2 31 9.00 0.00 0.00 0.00 12800
  96  2 32 3534.88 0.00 0.00 0.00 49118
  97  2 33 32.00 0.00 0.00 0.00 1040
  98  2 34 3566.88 0.00 0.00 0.00 32767
  99  2 35 8.00 0.00 0.00 0.00 32785
 100  2 36 8099.88 0.00 0.00 0.00 24303
 101  2 37 136.25 0.00 0.00 0.00 4112
 102  2 38 7919.62 0.00 0.00 0.00 24895
 103  2 39 1156.50 0.00 0.00 0.00 8200
 104  2 40 3947.12 0.00 0.00 0.00 49151
 105  2 41 524.12 0.00 0.00 0.00 24862
 106  2 42 3054.88 0.00 0.00 0.00 65527
 107  2 43 0.25 0.00 0.00 0.00 12292
 108  2 44 4075.88 0.00 0.00 0.00 40125
 109  2 45 4.00 0.00 0.00 0.00 20480
 110  2 46 4069.75 0.00 0.00 0.00 32639
 111  2 47 513.62 0.00 0.00 0.00 2054
 112  2 48 3838.88 0.00 0.00 0.00 32767
 113  2 49 0.00 0.00 0.00 0.00 32770
 114  2 50 3557.88 0.00 0.00 0.00 57087
 115  2 51 34.00 0.00 0.00 0.00 13312
 116  2 52 3790.88 0.00 0.00 0.00 28639
 117  2 53 0.00 0.00 0.00 0.00 8193
 118  2 54 4015.88 0.00 0.00 0.00 65535
 119  2 55 2560.00 0.00 0.00 0.00    1
 120  2 56 4095.88 0.00 0.00 0.00 57333
 121  2 57 0.50 0.00 0.00 0.00   82
 122  2 58 7900.75 0.00 0.00 0.00 65255
 123  2 59 32.00 0.00 0.00 0.00 9280
 124  2 60 7678.88 0.00 0.00 0.00 49151
 125  2 61 0.75 0.00 0.00 0.00 1024
 126  2 62 8095.88 0.00 0.00 0.00 59391
 127  2 63 1540.50 0.00 0.00 0.00 16672
 128  2 64 7404.88 0.00 0.00 0.00 65533
 129  3  1 6.00 0.00 0.00 0.00 1059
 130  3  2 871.88 0.00 0.00 0.00 65503
 131  3  3 64.00 0.00 0.00 0.00    0
 132  3  4 6118.88 0.00 0.00 0.00 65531
 133  3  5 512.25 0.00 0.00 0.00 32790
 134  3  6 3596.12 0.00 0.00 0.00 56559
 135  3  7 64.50 0.00 0.00 0.00 4104
 136  3  8 7919.88 0.00 0.00 0.00 38770
 137  3  9 1026.12 0.00 0.00 0.00 53287
 138  3 10 7935.25 0.00 0.00 0.00 61055
 139  3 11 128.00 0.00 0.00 0.00 3362
 140  3 12 8186.38 0.00 0.00 0.00 64347
 141  3 13 0.00 0.00 0.00 0.00    8
 142  3 14 5866.75 0.00 0.00 0.00 65023
 143  3 15 2048.00 0.00 0.00 0.00   33
 144  3 16 6143.88 0.00 0.00 0.00 20479
 145  3 17 356.00 0.00 0.00 0.00 1040
 146  3 18 7406.62 0.00 0.00 0.00 49149
 147  3 19 1092.50 0.00 0.00 0.00 16448
 148  3 20 3839.88 0.00 0.00 0.00 65438
 149  3 21 42.00 0.00 0.00 0.00   46
 150  3 22 8124.88 0.00 0.00 0.00 63351
 151  3 23 2176.25 0.00 0.00 0.00  834
 152  3 24 8159.88 0.00 0.00 0.00 49149
 153  3 25 524.25 0.00 0.00 0.00 1031
 154  3 26 4047.88 0.00 0.00 0.00 57085
 155  3 27 130.38 0.00 0.00 0.00 8736
 156  3 28 3819.88 0.00 0.00 0.00 56063
 157  3 29 0.00 0.00 0.00 0.00 32768
 158  3 30 6143.50 0.00 0.00 0.00 55278
 159  3 31 128.00 0.00 0.00 0.00    1
 160  3 32 3823.88 0.00 0.00 0.00 61439
 161  3 33 640.12 0.00 0.00 0.00  105
 162  3 34 8182.88 0.00 0.00 0.00 28383
 163  3 35 2.12 0.00 0.00 0.00 12549
 164  3 36 5118.88 0.00 0.00 0.00 32471
 165  3 37 516.50 0.00 0.00 0.00 33298
 166  3 38 3566.88 0.00 0.00 0.00 57343
 167  3 39 12.25 0.00 0.00 0.00 42500
 168  3 40 507.38 0.00 0.00 0.00 32639
 169  3 41 0.12 0.00 0.00 0.00  576
 170  3 42 7935.88 0.00 0.00 0.00 24575
 171  3 43 0.00 0.00 0.00 0.00 17412
 172  3 44 2047.88 0.00 0.00 0.00 64379
 173  3 45 70.00 0.00 0.00 0.00 33024
 174  3 46 8156.75 0.00 0.00 0.00 24441
 175  3 47 640.00 0.00 0.00 0.00 8226
 176  3 48 3806.12 0.00 0.00 0.00 65533
 177  3 49 64.00 0.00 0.00 0.00  787
 178  3 50 7935.62 0.00 0.00 0.00 47867
 179  3 51 8.12 0.00 0.00 0.00 24609
 180  3 52 7135.88 0.00 0.00 0.00 65519
 181  3 53 128.38 0.00 0.00 0.00  420
 182  3 54 7102.38 0.00 0.00 0.00 65502
 183  3 55 524.00 0.00 0.00 0.00  512
 184  3 56 3819.75 0.00 0.00 0.00 32767
 185  3 57 1156.00 0.00 0.00 0.00  448
 186  3 58 766.88 0.00 0.00 0.00 24575
 187  3 59 1.25 0.00 0.00 0.00 20996
 188  3 60 4068.62 0.00 0.00 0.00 59135
 189  3 61 1034.00 0.00 0.00 0.00  513
 190  3 62 7614.88 0.00 0.00 0.00 26623
 191  3 63 0.25 0.00 0.00 0.00 1288
 192  3 64 2278.88 0.00 0.00 0.00 32639
 193  4  1 82.50 0.00 0.00 0.00 34401
 194  4  2 7807.38 0.00 0.00 0.00 56247
 195  4  3 8.00 0.00 0.00 0.00 8192
 196  4  4 5871.75 0.00 0.00 0.00 32731
 197  4  5 2112.12 0.00 0.00 0.00 16418
 198  4  6 8190.12 0.00 0.00 0.00 65531
 199  4  7 1094.00 0.00 0.00 0.00  304
 200  4  8 6702.75 0.00 0.00 0.00 55279
 201  4  9 72.25 0.00 0.00 0.00    6
 202  4 10 3962.88 0.00 0.00 0.00 65471
 203  4 11 192.50 0.00 0.00 0.00 16458
 204  4 12 4094.62 0.00 0.00 0.00 59309
 205  4 13 32.25 0.00 0.00 0.00    3
 206  4 14 3823.88 0.00 0.00 0.00 49119
 207  4 15 99.00 0.00 0.00 0.00  263
 208  4 16 3823.88 0.00 0.00 0.00 55103
 209  4 17 1096.12 0.00 0.00 0.00 4096
 210  4 18 2030.62 0.00 0.00 0.00 65535
 211  4 19 2564.12 0.00 0.00 0.00 33793
 212  4 20 4095.62 0.00 0.00 0.00 26622
 213  4 21 512.00 0.00 0.00 0.00 8768
 214  4 22 7935.62 0.00 0.00 0.00 65503
 215  4 23 640.00 0.00 0.00 0.00 36866
 216  4 24 5887.88 0.00 0.00 0.00 65535
 217  4 25 32.12 0.00 0.00 0.00   20
 218  4 26 7871.75 0.00 0.00 0.00 32759
 219  4 27 2052.12 0.00 0.00 0.00 16384
 220  4 28 7423.88 0.00 0.00 0.00 65527
 221  4 29 128.00 0.00 0.00 0.00  517
 222  4 30 6765.62 0.00 0.00 0.00 63455
 223  4 31 0.00 0.00 0.00 0.00 8512
 224  4 32 7163.88 0.00 0.00 0.00 65211
 225  4 33 0.12 0.00 0.00 0.00 16384
 226  4 34 6135.75 0.00 0.00 0.00 57263
 227  4 35 546.12 0.00 0.00 0.00 1556
 228  4 36 5884.88 0.00 0.00 0.00 42687
 229  4 37 3200.50 0.00 0.00 0.00 1050
 230  4 38 3838.62 0.00 0.00 0.00 21367
 231  4 39 0.12 0.00 0.00 0.00 12330
 232  4 40 2687.88 0.00 0.00 0.00 65535
 233  4 41 1024.25 0.00 0.00 0.00 2112
 234  4 42 7151.88 0.00 0.00 0.00 64895
 235  4 43 136.50 0.00 0.00 0.00    0
 236  4 44 7151.25 0.00 0.00 0.00 57147
 237  4 45 136.25 0.00 0.00 0.00 16905
 238  4 46 3815.62 0.00 0.00 0.00 55163
 239  4 47 8.38 0.00 0.00 0.00 3332
 240  4 48 3814.88 0.00 0.00 0.00 65275
 241  4 49 0.00 0.00 0.00 0.00 4615
 242  4 50 7404.62 0.00 0.00 0.00 57342
 243  4 51 130.12 0.00 0.00 0.00 4098
 244  4 52 1774.75 0.00 0.00 0.00 65532
 245  4 53 4.62 0.00 0.00 0.00  299
 246  4 54 4078.88 0.00 0.00 0.00 65023
 247  4 55 2.62 0.00 0.00 0.00 57856
 248  4 56 4862.75 0.00 0.00 0.00 57743
 249  4 57 544.00 0.00 0.00 0.00 1062
 250  4 58 3959.88 0.00 0.00 0.00 56319
 251  4 59 0.62 0.00 0.00 0.00 10272
 252  4 60 6137.88 0.00 0.00 0.00 57343
 253  4 61 1024.00 0.00 0.00 0.00 16400
 254  4 62 7162.88 0.00 0.00 0.00 65535
 255  4 63 0.00 0.00 0.00 0.00 13312
 256  4 64 1487.88 0.00 0.00 0.00 16384
 257  5  1 4618.12 0.00 0.00 0.00 16416
 258  5  2 6143.38 0.00 0.00 0.00 13312
 259  5  3 1058.50 0.00 0.00 0.00 16896
 260  5  4 8191.88 0.00 0.00 0.00 37886
 261  5  5 2210.12 0.00 0.00 0.00 37886
 262  5  6 7150.38 0.00 0.00 0.00 16384
 263  5  7 2048.12 0.00 0.00 0.00 9131
 264  5  8 8186.12 0.00 0.00 0.00 37886
 265  5  9 2700.12 0.00 0.00 0.00 16570
 266  5 10 8191.88 0.00 0.00 0.00 37886
 267  5 11 600.38 0.00 0.00 0.00  640
 268  5 12 8191.38 0.00 0.00 0.00 16384
 269  5 13 2070.62 0.00 0.00 0.00  480
 270  5 14 7931.38 0.00 0.00 0.00 14848
 271  5 15 2272.50 0.00 0.00 0.00 14336
 272  5 16 8063.38 0.00 0.00 0.00 14336
 273  5 17 2067.12 0.00 0.00 0.00  480
 274  5 18 7103.62 0.00 0.00 0.00 15546
 275  5 19 4390.00 0.00 0.00 0.00 16384
 276  5 20 7163.62 0.00 0.00 0.00 5506
 277  5 21 6752.38 0.00 0.00 0.00 9154
 278  5 22 6143.88 0.00 0.00 0.00 6529
 279  5 23 32.00 0.00 0.00 0.00 20480
 280  5 24 8187.88 0.00 0.00 0.00  416
 281  5 25 32.25 0.00 0.00 0.00 3331
 282  5 26 3966.88 0.00 0.00 0.00 3856
 283  5 27 2146.12 0.00 0.00 0.00 6530
 284  5 28 8191.88 0.00 0.00 0.00 20480
 285  5 29 4678.12 0.00 0.00 0.00 3864
 286  5 30 6647.88 0.00 0.00 0.00  416
 287  5 31 130.00 0.00 0.00 0.00 3331
 288  5 32 8191.75 0.00 0.00 0.00 3864
 289  5 33 32.25 0.00 0.00 0.00  416
 290  5 34 8191.62 0.00 0.00 0.00    0
 291  5 35 394.12 0.00 0.00 0.00  320
 292  5 36 8179.88 0.00 0.00 0.00 9850
 293  5 37 1891.12 0.00 0.00 0.00 6531
 294  5 38 8190.88 0.00 0.00 0.00 16416
 295  5 39 3.50 0.00 0.00 0.00 9153
 296  5 40 8183.88 0.00 0.00 0.00 6530
 297  5 41 938.12 0.00 0.00 0.00 16388
 298  5 42 7166.88 0.00 0.00 0.00 17088
 299  5 43 32.50 0.00 0.00 0.00 13312
 300  5 44 8167.88 0.00 0.00 0.00 6528
 301  5 45 550.12 0.00 0.00 0.00 17088
 302  5 46 8175.88 0.00 0.00 0.00 9153
 303  5 47 1121.25 0.00 0.00 0.00 6531
 304  5 48 3775.88 0.00 0.00 0.00 16405
 305  5 49 1408.88 0.00 0.00 0.00 16736
 306  5 50 5887.38 0.00 0.00 0.00 13312
 307  5 51 1123.12 0.00 0.00 0.00 6528
 308  5 52 6119.88 0.00 0.00 0.00 16384
 309  5 53 5650.25 0.00 0.00 0.00 37886
 310  5 54 8175.88 0.00 0.00 0.00 37886
 311  5 55 3360.00 0.00 0.00 0.00 16384
 312  5 56 3966.88 0.00 0.00 0.00 8811
 313  5 57 2184.62 0.00 0.00 0.00 37886
 314  5 58 6143.62 0.00 0.00 0.00 16570
 315  5 59 593.00 0.00 0.00 0.00 37886
 316  5 60 2859.88 0.00 0.00 0.00 14336
 317  5 61 609.38 0.00 0.00 0.00 14336
 318  5 62 8191.38 0.00 0.00 0.00 14336
 319  5 63 3584.12 0.00 0.00 0.00 14848
 320  5 64 3823.88 0.00 0.00 0.00 14336
 321  6  1 675.25 0.00 0.00 0.00 14336
 322  6  2 3967.88 0.00 0.00 0.00 15546
 323  6  3 610.25 0.00 0.00 0.00 16384
 324  6  4 6975.62 0.00 0.00 0.00 5509
 325  6  5 582.12 0.00 0.00 0.00 13312
 326  6  6 7103.88 0.00 0.00 0.00 20480
 327  6  7 1332.00 0.00 0.00 0.00 3331
 328  6  8 8191.88 0.00 0.00 0.00 13312
 329  6  9 279.38 0.00 0.00 0.00 20480
 330  6 10 6134.88 0.00 0.00 0.00 3331
 331  6 11 642.12 0.00 0.00 0.00 10176
 332  6 12 7103.62 0.00 0.00 0.00 6533
 333  6 13 4618.38 0.00 0.00 0.00 10185
 334  6 14 4862.88 0.00 0.00 0.00 6533
 335  6 15 6674.00 0.00 0.00 0.00 22528
 336  6 16 7159.12 0.00 0.00 0.00 6533
 337  6 17 32.12 0.00 0.00 0.00 13312
 338  6 18 8190.88 0.00 0.00 0.00 20480
 339  6 19 3818.50 0.00 0.00 0.00 22528
 340  6 20 8191.88 0.00 0.00 0.00 2304
 341  6 21 160.00 0.00 0.00 0.00 6144
 342  6 22 6903.88 0.00 0.00 0.00    0
 343  6 23 2147.12 0.00 0.00 0.00  287
 344  6 24 3559.88 0.00 0.00 0.00 63485
 345  6 25 288.00 0.00 0.00 0.00 15632
 346  6 26 4031.12 0.00 0.00 0.00 31607
 347  6 27 4610.38 0.00 0.00 0.00   51
 348  6 28 8047.62 0.00 0.00 0.00 30719
 349  6 29 546.50 0.00 0.00 0.00 29105
 350  6 30 4075.88 0.00 0.00 0.00 32191
 351  6 31 2824.00 0.00 0.00 0.00 38322
 352  6 32 4082.38 0.00 0.00 0.00 62943
 353  6 33 2150.50 0.00 0.00 0.00 4381
 354  6 34 8063.88 0.00 0.00 0.00 32639
 355  6 35 2114.25 0.00 0.00 0.00 1036
 356  6 36 6135.62 0.00 0.00 0.00 64887
 357  6 37 1056.12 0.00 0.00 0.00 4653
 358  6 38 8119.88 0.00 0.00 0.00 63485
 359  6 39 3744.00 0.00 0.00 0.00 45328
 360  6 40 6014.88 0.00 0.00 0.00 64509
 361  6 41 32.12 0.00 0.00 0.00 37136
 362  6 42 8126.38 0.00 0.00 0.00 65535
 363  6 43 513.12 0.00 0.00 0.00 7443
 364  6 44 8191.88 0.00 0.00 0.00 65407
 365  6 45 37.50 0.00 0.00 0.00 22929
 366  6 46 6013.62 0.00 0.00 0.00 57339
 367  6 47 4644.38 0.00 0.00 0.00 20493
 368  6 48 6911.88 0.00 0.00 0.00 65535
 369  6 49 1568.00 0.00 0.00 0.00 37215
 370  6 50 8191.88 0.00 0.00 0.00 64479
 371  6 51 16.12 0.00 0.00 0.00 33809
 372  6 52 8187.62 0.00 0.00 0.00 65527
 373  6 53 674.00 0.00 0.00 0.00 4368
 374  6 54 6143.38 0.00 0.00 0.00 48895
 375  6 55 658.38 0.00 0.00 0.00   83
 376  6 56 2046.88 0.00 0.00 0.00 65531
 377  6 57 809.50 0.00 0.00 0.00 39171
 378  6 58 7935.88 0.00 0.00 0.00 65015
 379  6 59 286.00 0.00 0.00 0.00 37137
 380  6 60 8191.88 0.00 0.00 0.00 65019
 381  6 61 7075.38 0.00 0.00 0.00 22417
 382  6 62 8171.88 0.00 0.00 0.00 63983
 383  6 63 239.00 0.00 0.00 0.00 41233
 384  6 64 8175.62 0.00 0.00 0.00 32767
 385  7  1 678.12 0.00 0.00 0.00 1937
 386  7  2 4091.88 0.00 0.00 0.00 65535
 387  7  3 682.25 0.00 0.00 0.00 1296
 388  7  4 2047.88 0.00 0.00 0.00 49151
 389  7  5 1089.12 0.00 0.00 0.00 4216
 390  7  6 6139.88 0.00 0.00 0.00 32627
 391  7  7 768.62 0.00 0.00 0.00 16661
 392  7  8 4095.88 0.00 0.00 0.00 32627
 393  7  9 803.00 0.00 0.00 0.00 4369
 394  7 10 4972.88 0.00 0.00 0.00 48127
 395  7 11 2848.12 0.00 0.00 0.00 4865
 396  7 12 8111.88 0.00 0.00 0.00 31735
 397  7 13 562.50 0.00 0.00 0.00 4097
 398  7 14 8183.62 0.00 0.00 0.00 40895
 399  7 15 4614.50 0.00 0.00 0.00  690
 400  7 16 8187.75 0.00 0.00 0.00 62367
 401  7 17 554.12 0.00 0.00 0.00  691
 402  7 18 8055.88 0.00 0.00 0.00 63487
 403  7 19 4136.00 0.00 0.00 0.00 33040
 404  7 20 8191.88 0.00 0.00 0.00 14335
 405  7 21 36.12 0.00 0.00 0.00 4467
 406  7 22 4090.62 0.00 0.00 0.00 65535
 407  7 23 514.12 0.00 0.00 0.00 4098
 408  7 24 8191.88 0.00 0.00 0.00 65499
 409  7 25 48.12 0.00 0.00 0.00 4162
 410  7 26 8115.88 0.00 0.00 0.00 65535
 411  7 27 1.12 0.00 0.00 0.00 4121
 412  7 28 6975.38 0.00 0.00 0.00 63391
 413  7 29 517.00 0.00 0.00 0.00  273
 414  7 30 8187.88 0.00 0.00 0.00 32767
 415  7 31 525.38 0.00 0.00 0.00 20487
 416  7 32 6139.88 0.00 0.00 0.00 65527
 417  7 33 7179.12 0.00 0.00 0.00 4369
 418  7 34 8187.88 0.00 0.00 0.00 65471
 419  7 35 600.00 0.00 0.00 0.00  347
 420  7 36 8159.38 0.00 0.00 0.00 65535
 421  7 37 4257.00 0.00 0.00 0.00    9
 422  7 38 8191.88 0.00 0.00 0.00 64863
 423  7 39 544.62 0.00 0.00 0.00 4377
 424  7 40 4795.88 0.00 0.00 0.00 38303
 425  7 41 1058.50 0.00 0.00 0.00  273
 426  7 42 8063.62 0.00 0.00 0.00 24445
 427  7 43 4225.50 0.00 0.00 0.00 13181
 428  7 44 4095.88 0.00 0.00 0.00 65535
 429  7 45 2722.62 0.00 0.00 0.00 20753
 430  7 46 7935.88 0.00 0.00 0.00 62967
 431  7 47 1536.50 0.00 0.00 0.00 4353
 432  7 48 7167.38 0.00 0.00 0.00 64479
 433  7 49 537.00 0.00 0.00 0.00  337
 434  7 50 7931.88 0.00 0.00 0.00 65023
 435  7 51 736.12 0.00 0.00 0.00 8281
 436  7 52 6138.88 0.00 0.00 0.00 57343
 437  7 53 2144.00 0.00 0.00 0.00 37147
 438  7 54 8183.88 0.00 0.00 0.00 57343
 439  7 55 4643.38 0.00 0.00 0.00 36945
 440  7 56 8191.38 0.00 0.00 0.00 32595
 441  7 57 800.12 0.00 0.00 0.00 12305
 442  7 58 3006.38 0.00 0.00 0.00 32191
 443  7 59 674.12 0.00 0.00 0.00 37173
 444  7 60 8191.88 0.00 0.00 0.00 65467
 445  7 61 674.50 0.00 0.00 0.00  513
 446  7 62 895.88 0.00 0.00 0.00 65405
 447  7 63 2336.00 0.00 0.00 0.00 4369
 448  7 64 8191.88 0.00 0.00 0.00 64509
 449  8  1 34.62 0.00 0.00 0.00 4273
 450  8  2 5119.88 0.00 0.00 0.00 63451
 451  8  3 5121.25 0.00 0.00 0.00 36864
 452  8  4 3063.38 0.00 0.00 0.00 65023
 453  8  5 4199.00 0.00 0.00 0.00 5124
 454  8  6 3902.88 0.00 0.00 0.00 65535
 455  8  7 562.12 0.00 0.00 0.00   17
 456  8  8 4031.38 0.00 0.00 0.00 57211
 457  8  9 5160.50 0.00 0.00 0.00 5145
 458  8 10 8191.88 0.00 0.00 0.00 65531
 459  8 11 1319.12 0.00 0.00 0.00 8465
 460  8 12 4094.12 0.00 0.00 0.00 63935
 461  8 13 802.12 0.00 0.00 0.00 6425
 462  8 14 1919.88 0.00 0.00 0.00 49145
 463  8 15 1031.00 0.00 0.00 0.00 1297
 464  8 16 4095.88 0.00 0.00 0.00 64447
 465  8 17 2578.75 0.00 0.00 0.00 6547
 466  8 18 8127.88 0.00 0.00 0.00 31709
 467  8 19 4096.12 0.00 0.00 0.00 2321
 468  8 20 8191.88 0.00 0.00 0.00 63487
 469  8 21 1889.00 0.00 0.00 0.00 4189
 470  8 22 4015.62 0.00 0.00 0.00 65503
 471  8 23 625.38 0.00 0.00 0.00 4753
 472  8 24 6142.62 0.00 0.00 0.00 49151
 473  8 25 14.00 0.00 0.00 0.00 6960
 474  8 26 6123.88 0.00 0.00 0.00 65407
 475  8 27 678.38 0.00 0.00 0.00 4371
 476  8 28 8191.88 0.00 0.00 0.00 32767
 477  8 29 774.00 0.00 0.00 0.00 5136
 478  8 30 6139.88 0.00 0.00 0.00 65533
 479  8 31 612.12 0.00 0.00 0.00 28745
 480  8 32 3063.62 0.00 0.00 0.00 65535
 481  8 33 5032.50 0.00 0.00 0.00 4113
 482  8 34 4015.88 0.00 0.00 0.00 65533
 483  8 35 546.12 0.00 0.00 0.00 61524
 484  8 36 4079.38 0.00 0.00 0.00 31743
 485  8 37 168.12 0.00 0.00 0.00 4433
 486  8 38 4095.88 0.00 0.00 0.00 65023
 487  8 39 553.38 0.00 0.00 0.00 4353
 488  8 40 8190.38 0.00 0.00 0.00 13311
 489  8 41 6656.50 0.00 0.00 0.00 20624
 490  8 42 8183.88 0.00 0.00 0.00 63935
 491  8 43 514.00 0.00 0.00 0.00 4216
 492  8 44 8062.88 0.00 0.00 0.00 23479
 493  8 45 11.62 0.00 0.00 0.00 4225
 494  8 46 6135.88 0.00 0.00 0.00 65526
 495  8 47 98.50 0.00 0.00 0.00 2835
 496  8 48 8191.88 0.00 0.00 0.00 63991
 497  8 49 38.12 0.00 0.00 0.00 6533
 498  8 50 4923.12 0.00 0.00 0.00 31583
 499  8 51 2058.62 0.00 0.00 0.00 4360
 500  8 52 7934.88 0.00 0.00 0.00 63455
 501  8 53 170.62 0.00 0.00 0.00 16695
 502  8 54 8191.88 0.00 0.00 0.00 65535
 503  8 55 38.62 0.00 0.00 0.00 4112
 504  8 56 2047.88 0.00 0.00 0.00 57343
 505  8 57 2337.50 0.00 0.00 0.00 4369
 506  8 58 3775.88 0.00 0.00 0.00 32639
 507  8 59 836.88 0.00 0.00 0.00    3
 508  8 60 8191.38 0.00 0.00 0.00 30079
 509  8 61 4129.12 0.00 0.00 0.00 5465
 510  8 62 2943.88 0.00 0.00 0.00 32767
 511  8 63 513.12 0.00 0.00 0.00 1536
 512  8 64 7859.88 0.00 0.00 0.00 64470
 513  9  1 2056.00 0.00 0.00 0.00 16400
 514  9  2 7397.88 0.00 0.00 0.00 14183
 515  9  3 2048.00 0.00 0.00 0.00   67
 516  9  4 3699.62 0.00 0.00 0.00 31615
 517  9  5 2720.12 0.00 0.00 0.00 8806
 518  9  6 3694.50 0.00 0.00 0.00 30207
 519  9  7 194.50 0.00 0.00 0.00 4608
 520  9  8 2030.38 0.00 0.00 0.00 32510
 521  9  9 2178.12 0.00 0.00 0.00 17920
 522  9 10 8174.88 0.00 0.00 0.00 57278
 523  9 11 138.00 0.00 0.00 0.00  577
 524  9 12 5998.38 0.00 0.00 0.00 27967
 525  9 13 2560.50 0.00 0.00 0.00   65
 526  9 14 8190.88 0.00 0.00 0.00 30335
 527  9 15 3072.00 0.00 0.00 0.00    2
 528  9 16 3044.62 0.00 0.00 0.00 65531
 529  9 17 2060.12 0.00 0.00 0.00 8240
 530  9 18 5102.62 0.00 0.00 0.00 63359
 531  9 19 4.62 0.00 0.00 0.00 20501
 532  9 20 3695.88 0.00 0.00 0.00 59318
 533  9 21 0.00 0.00 0.00 0.00 24625
 534  9 22 7855.62 0.00 0.00 0.00 28503
 535  9 23 130.75 0.00 0.00 0.00   64
 536  9 24 3807.25 0.00 0.00 0.00 48999
 537  9 25 64.25 0.00 0.00 0.00   38
 538  9 26 3839.62 0.00 0.00 0.00 65151
 539  9 27 138.12 0.00 0.00 0.00 8192
 540  9 28 7918.88 0.00 0.00 0.00 32503
 541  9 29 512.25 0.00 0.00 0.00 16464
 542  9 30 3310.38 0.00 0.00 0.00 65405
 543  9 31 1728.62 0.00 0.00 0.00 6192
 544  9 32 7791.62 0.00 0.00 0.00 30199
 545  9 33 32.75 0.00 0.00 0.00 4226
 546  9 34 7884.88 0.00 0.00 0.00 3063
 547  9 35 4.00 0.00 0.00 0.00   96
 548  9 36 8150.88 0.00 0.00 0.00 24567
 549  9 37 5216.62 0.00 0.00 0.00 16704
 550  9 38 7119.88 0.00 0.00 0.00 27647
 551  9 39 3072.25 0.00 0.00 0.00   35
 552  9 40 3838.75 0.00 0.00 0.00 16247
 553  9 41 2052.12 0.00 0.00 0.00   80
 554  9 42 3790.88 0.00 0.00 0.00 65523
 555  9 43 32.50 0.00 0.00 0.00 1056
 556  9 44 7934.88 0.00 0.00 0.00 65459
 557  9 45 512.50 0.00 0.00 0.00    4
 558  9 46 4093.38 0.00 0.00 0.00 65142
 559  9 47 0.00 0.00 0.00 0.00    6
 560  9 48 7898.88 0.00 0.00 0.00 14067
 561  9 49 2176.00 0.00 0.00 0.00 24576
 562  9 50 2927.12 0.00 0.00 0.00 63451
 563  9 51 516.25 0.00 0.00 0.00 8224
 564  9 52 6141.75 0.00 0.00 0.00 49023
 565  9 53 32.12 0.00 0.00 0.00 8226
 566  9 54 4350.88 0.00 0.00 0.00 29431
 567  9 55 72.50 0.00 0.00 0.00   17
 568  9 56 4094.62 0.00 0.00 0.00 32671
 569  9 57 2.00 0.00 0.00 0.00    4
 570  9 58 6076.88 0.00 0.00 0.00 46965
 571  9 59 208.25 0.00 0.00 0.00    3
 572  9 60 8190.88 0.00 0.00 0.00 30719
 573  9 61 196.38 0.00 0.00 0.00 1354
 574  9 62 4089.88 0.00 0.00 0.00 48991
 575  9 63 2560.00 0.00 0.00 0.00  260
 576  9 64 1966.88 0.00 0.00 0.00 63063
 577 10  1 2.00 0.00 0.00 0.00   84
 578 10  2 7935.62 0.00 0.00 0.00 63471
 579 10  3 74.00 0.00 0.00 0.00   16
 580 10  4 3967.88 0.00 0.00 0.00 61175
 581 10  5 520.12 0.00 0.00 0.00  576
 582 10  6 7038.88 0.00 0.00 0.00 62975
 583 10  7 512.38 0.00 0.00 0.00 16400
 584 10  8 4334.62 0.00 0.00 0.00 30679
 585 10  9 68.00 0.00 0.00 0.00  288
 586 10 10 7799.88 0.00 0.00 0.00 32761
 587 10 11 1024.12 0.00 0.00 0.00 16386
 588 10 12 4444.88 0.00 0.00 0.00 55783
 589 10 13 2.25 0.00 0.00 0.00    1
 590 10 14 7935.88 0.00 0.00 0.00 52095
 591 10 15 1024.12 0.00 0.00 0.00 1092
 592 10 16 1711.62 0.00 0.00 0.00 32179
 593 10 17 3620.00 0.00 0.00 0.00 13318
 594 10 18 7063.88 0.00 0.00 0.00 60407
 595 10 19 2052.00 0.00 0.00 0.00    0
 596 10 20 8174.88 0.00 0.00 0.00 2046
 597 10 21 10.00 0.00 0.00 0.00 24582
 598 10 22 2735.62 0.00 0.00 0.00 15863
 599 10 23 2560.75 0.00 0.00 0.00 18176
 600 10 24 1710.75 0.00 0.00 0.00 22523
 601 10 25 4.25 0.00 0.00 0.00   97
 602 10 26 2783.25 0.00 0.00 0.00 58719
 603 10 27 8.12 0.00 0.00 0.00 5377
 604 10 28 3774.88 0.00 0.00 0.00 57214
 605 10 29 2048.50 0.00 0.00 0.00 12580
 606 10 30 4079.88 0.00 0.00 0.00 24571
 607 10 31 200.12 0.00 0.00 0.00 1026
 608 10 32 4046.88 0.00 0.00 0.00 30267
 609 10 33 520.00 0.00 0.00 0.00 9216
 610 10 34 4085.38 0.00 0.00 0.00 65149
 611 10 35 2048.25 0.00 0.00 0.00 16929
 612 10 36 1790.62 0.00 0.00 0.00 62959
 613 10 37 1032.12 0.00 0.00 0.00    2
 614 10 38 3823.38 0.00 0.00 0.00 32511
 615 10 39 2596.25 0.00 0.00 0.00 16420
 616 10 40 3807.88 0.00 0.00 0.00 32631
 617 10 41 1608.00 0.00 0.00 0.00 4161
 618 10 42 7903.88 0.00 0.00 0.00 32591
 619 10 43 3236.12 0.00 0.00 0.00  420
 620 10 44 3831.88 0.00 0.00 0.00 30559
 621 10 45 2624.00 0.00 0.00 0.00   16
 622 10 46 3839.12 0.00 0.00 0.00 28407
 623 10 47 2152.50 0.00 0.00 0.00    0
 624 10 48 7915.38 0.00 0.00 0.00 65535
 625 10 49 42.38 0.00 0.00 0.00   68
 626 10 50 2539.62 0.00 0.00 0.00 65527
 627 10 51 160.75 0.00 0.00 0.00 16465
 628 10 52 4078.75 0.00 0.00 0.00 23543
 629 10 53 2.00 0.00 0.00 0.00    0
 630 10 54 3817.88 0.00 0.00 0.00 61175
 631 10 55 130.00 0.00 0.00 0.00   34
 632 10 56 3821.88 0.00 0.00 0.00 31870
 633 10 57 0.00 0.00 0.00 0.00    1
 634 10 58 1760.88 0.00 0.00 0.00 61310
 635 10 59 4.00 0.00 0.00 0.00 5632
 636 10 60 4094.88 0.00 0.00 0.00 30591
 637 10 61 64.00 0.00 0.00 0.00  544
 638 10 62 1511.88 0.00 0.00 0.00 65391
 639 10 63 12.50 0.00 0.00 0.00 1280
 640 10 64 1374.88 0.00 0.00 0.00 54882
 641 11  1 640.12 0.00 0.00 0.00 16640
 642 11  2 8191.88 0.00 0.00 0.00 55775
 643 11  3 32.00 0.00 0.00 0.00 9216
 644 11  4 7886.75 0.00 0.00 0.00 26555
 645 11  5 42.00 0.00 0.00 0.00  512
 646 11  6 7911.88 0.00 0.00 0.00 65527
 647 11  7 2.25 0.00 0.00 0.00 17410
 648 11  8 8175.88 0.00 0.00 0.00 11639
 649 11  9 1408.00 0.00 0.00 0.00 9249
 650 11 10 3753.75 0.00 0.00 0.00 55031
 651 11 11 160.00 0.00 0.00 0.00 5120
 652 11 12 3322.88 0.00 0.00 0.00 47103
 653 11 13 1162.88 0.00 0.00 0.00 1024
 654 11 14 2671.38 0.00 0.00 0.00 11718
 655 11 15 3596.00 0.00 0.00 0.00 16384
 656 11 16 3789.88 0.00 0.00 0.00 30843
 657 11 17 164.00 0.00 0.00 0.00  256
 658 11 18 2046.88 0.00 0.00 0.00 21143
 659 11 19 5184.00 0.00 0.00 0.00   33
 660 11 20 3817.88 0.00 0.00 0.00 63479
 661 11 21 0.00 0.00 0.00 0.00 1024
 662 11 22 8169.88 0.00 0.00 0.00 30583
 663 11 23 2052.00 0.00 0.00 0.00   32
 664 11 24 7550.25 0.00 0.00 0.00 57207
 665 11 25 32.00 0.00 0.00 0.00 1026
 666 11 26 6842.62 0.00 0.00 0.00 32575
 667 11 27 4.00 0.00 0.00 0.00 20482
 668 11 28 8178.50 0.00 0.00 0.00 63277
 669 11 29 68.00 0.00 0.00 0.00  257
 670 11 30 7914.88 0.00 0.00 0.00 65495
 671 11 31 40.00 0.00 0.00 0.00    0
 672 11 32 8190.50 0.00 0.00 0.00 30711
 673 11 33 68.00 0.00 0.00 0.00 4672
 674 11 34 3837.88 0.00 0.00 0.00 38267
 675 11 35 0.00 0.00 0.00 0.00 2147
 676 11 36 7919.88 0.00 0.00 0.00 65397
 677 11 37 0.00 0.00 0.00 0.00   33
 678 11 38 3774.38 0.00 0.00 0.00 49143
 679 11 39 2.00 0.00 0.00 0.00 20480
 680 11 40 5877.88 0.00 0.00 0.00 65495
 681 11 41 116.12 0.00 0.00 0.00 16436
 682 11 42 4046.88 0.00 0.00 0.00 34295
 683 11 43 4096.00 0.00 0.00 0.00 24576
 684 11 44 5757.75 0.00 0.00 0.00 32635
 685 11 45 128.00 0.00 0.00 0.00 17410
 686 11 46 6903.62 0.00 0.00 0.00 24562
 687 11 47 196.00 0.00 0.00 0.00 1111
 688 11 48 8142.12 0.00 0.00 0.00 63477
 689 11 49 0.50 0.00 0.00 0.00  258
 690 11 50 6910.75 0.00 0.00 0.00 65395
 691 11 51 2144.50 0.00 0.00 0.00 1093
 692 11 52 3806.88 0.00 0.00 0.00 24422
 693 11 53 2186.38 0.00 0.00 0.00 8480
 694 11 54 4078.88 0.00 0.00 0.00 15231
 695 11 55 1218.12 0.00 0.00 0.00    0
 696 11 56 8191.88 0.00 0.00 0.00 30469
 697 11 57 578.00 0.00 0.00 0.00 16388
 698 11 58 8182.75 0.00 0.00 0.00 26615
 699 11 59 64.62 0.00 0.00 0.00 4868
 700 11 60 7676.38 0.00 0.00 0.00 64247
 701 11 61 2.00 0.00 0.00 0.00 4096
 702 11 62 4066.88 0.00 0.00 0.00 29567
 703 11 63 516.00 0.00 0.00 0.00 8194
 704 11 64 8190.38 0.00 0.00 0.00 46847
 705 12  1 0.00 0.00 0.00 0.00    2
 706 12  2 8154.38 0.00 0.00 0.00 29495
 707 12  3 8.00 0.00 0.00 0.00 16385
 708 12  4 3566.25 0.00 0.00 0.00 38831
 709 12  5 512.50 0.00 0.00 0.00    2
 710 12  6 3711.38 0.00 0.00 0.00 62525
 711 12  7 96.00 0.00 0.00 0.00 1024
 712 12  8 5886.62 0.00 0.00 0.00 32383
 713 12  9 64.00 0.00 0.00 0.00 16448
 714 12 10 3836.38 0.00 0.00 0.00 30527
 715 12 11 8.00 0.00 0.00 0.00 1542
 716 12 12 4083.50 0.00 0.00 0.00 64481
 717 12 13 4.62 0.00 0.00 0.00 1088
 718 12 14 3566.88 0.00 0.00 0.00 64503
 719 12 15 8.00 0.00 0.00 0.00   68
 720 12 16 4094.75 0.00 0.00 0.00 32758
 721 12 17 36.00 0.00 0.00 0.00 8450
 722 12 18 7927.62 0.00 0.00 0.00 30645
 723 12 19 3300.00 0.00 0.00 0.00    4
 724 12 20 6891.88 0.00 0.00 0.00 63403
 725 12 21 4.50 0.00 0.00 0.00  512
 726 12 22 3759.88 0.00 0.00 0.00 32756
 727 12 23 2.50 0.00 0.00 0.00    0
 728 12 24 4087.62 0.00 0.00 0.00 65509
 729 12 25 32.50 0.00 0.00 0.00    0
 730 12 26 4095.88 0.00 0.00 0.00 31607
 731 12 27 1216.00 0.00 0.00 0.00 4098
 732 12 28 2815.88 0.00 0.00 0.00 24191
 733 12 29 0.12 0.00 0.00 0.00 1030
 734 12 30 7114.62 0.00 0.00 0.00 64359
 735 12 31 8.00 0.00 0.00 0.00   32
 736 12 32 6759.88 0.00 0.00 0.00 32639
 737 12 33 1024.00 0.00 0.00 0.00 4096
 738 12 34 7919.88 0.00 0.00 0.00 55287
 739 12 35 512.12 0.00 0.00 0.00 4114
 740 12 36 8174.75 0.00 0.00 0.00 65535
 741 12 37 12.00 0.00 0.00 0.00    0
 742 12 38 4079.88 0.00 0.00 0.00 13182
 743 12 39 12.00 0.00 0.00 0.00  512
 744 12 40 5367.88 0.00 0.00 0.00 56169
 745 12 41 232.00 0.00 0.00 0.00 1026
 746 12 42 1758.62 0.00 0.00 0.00 31607
 747 12 43 104.00 0.00 0.00 0.00 8275
 748 12 44 7865.75 0.00 0.00 0.00 32637
 749 12 45 4.50 0.00 0.00 0.00    0
 750 12 46 2796.50 0.00 0.00 0.00 30719
 751 12 47 2052.00 0.00 0.00 0.00 4096
 752 12 48 1791.88 0.00 0.00 0.00 60945
 753 12 49 38.00 0.00 0.00 0.00  321
 754 12 50 3759.75 0.00 0.00 0.00 60279
 755 12 51 3108.00 0.00 0.00 0.00 1344
 756 12 52 7802.88 0.00 0.00 0.00 30327
 757 12 53 1032.00 0.00 0.00 0.00   65
 758 12 54 6062.38 0.00 0.00 0.00 32735
 759 12 55 2176.00 0.00 0.00 0.00  512
 760 12 56 3572.75 0.00 0.00 0.00 55150
 761 12 57 2048.25 0.00 0.00 0.00  128
 762 12 58 5326.62 0.00 0.00 0.00 65398
 763 12 59 34.00 0.00 0.00 0.00  260
 764 12 60 3551.88 0.00 0.00 0.00 29657
 765 12 61 66.12 0.00 0.00 0.00   16
 766 12 62 2511.62 0.00 0.00 0.00 63479
 767 12 63 2048.00 0.00 0.00 0.00 20753
 768 12 64 3884.88 0.00 0.00 0.00 55295
 769 13  1 3138.38 0.00 0.00 0.00  358
 770 13  2 6143.88 0.00 0.00 0.00 65525
 771 13  3 1067.62 0.00 0.00 0.00 8449
 772 13  4 8190.62 0.00 0.00 0.00 32767
 773 13  5 740.25 0.00 0.00 0.00 4353
 774 13  6 8191.62 0.00 0.00 0.00 57343
 775 13  7 801.00 0.00 0.00 0.00 12544
 776 13  8 7151.62 0.00 0.00 0.00 65407
 777 13  9 5155.12 0.00 0.00 0.00 8448
 778 13 10 6895.88 0.00 0.00 0.00 65531
 779 13 11 5674.12 0.00 0.00 0.00 5153
 780 13 12 8191.88 0.00 0.00 0.00 65311
 781 13 13 5400.12 0.00 0.00 0.00 4152
 782 13 14 8182.38 0.00 0.00 0.00 64991
 783 13 15 1792.00 0.00 0.00 0.00 5377
 784 13 16 4079.88 0.00 0.00 0.00 64511
 785 13 17 4151.50 0.00 0.00 0.00 8235
 786 13 18 6139.88 0.00 0.00 0.00 32758
 787 13 19 522.62 0.00 0.00 0.00 6416
 788 13 20 8191.88 0.00 0.00 0.00 49151
 789 13 21 546.12 0.00 0.00 0.00 12558
 790 13 22 7935.88 0.00 0.00 0.00 40957
 791 13 23 34.12 0.00 0.00 0.00 5120
 792 13 24 8123.88 0.00 0.00 0.00 65495
 793 13 25 3634.62 0.00 0.00 0.00 12947
 794 13 26 6135.88 0.00 0.00 0.00 63483
 795 13 27 546.00 0.00 0.00 0.00  259
 796 13 28 8063.88 0.00 0.00 0.00 47103
 797 13 29 1632.12 0.00 0.00 0.00 4632
 798 13 30 6107.88 0.00 0.00 0.00 64511
 799 13 31 696.12 0.00 0.00 0.00 24833
 800 13 32 7935.88 0.00 0.00 0.00 65531
 801 13 33 3106.25 0.00 0.00 0.00 16704
 802 13 34 4078.88 0.00 0.00 0.00 65535
 803 13 35 6434.12 0.00 0.00 0.00 4366
 804 13 36 5118.88 0.00 0.00 0.00 48503
 805 13 37 7048.25 0.00 0.00 0.00 9481
 806 13 38 7167.88 0.00 0.00 0.00 39927
 807 13 39 49.12 0.00 0.00 0.00 9761
 808 13 40 1023.88 0.00 0.00 0.00 49085
 809 13 41 50.38 0.00 0.00 0.00 8329
 810 13 42 8191.88 0.00 0.00 0.00 65495
 811 13 43 1332.38 0.00 0.00 0.00 41089
 812 13 44 3007.62 0.00 0.00 0.00 65503
 813 13 45 4483.12 0.00 0.00 0.00  289
 814 13 46 5991.88 0.00 0.00 0.00 65527
 815 13 47 660.12 0.00 0.00 0.00 18452
 816 13 48 7151.88 0.00 0.00 0.00 64511
 817 13 49 3715.00 0.00 0.00 0.00 45424
 818 13 50 2035.88 0.00 0.00 0.00 65339
 819 13 51 2560.00 0.00 0.00 0.00   82
 820 13 52 8191.88 0.00 0.00 0.00 65529
 821 13 53 2849.12 0.00 0.00 0.00   16
 822 13 54 4091.88 0.00 0.00 0.00 60413
 823 13 55 545.00 0.00 0.00 0.00   27
 824 13 56 7159.62 0.00 0.00 0.00 65529
 825 13 57 770.12 0.00 0.00 0.00 34840
 826 13 58 2047.62 0.00 0.00 0.00 65535
 827 13 59 530.00 0.00 0.00 0.00 2065
 828 13 60 5119.62 0.00 0.00 0.00 56319
 829 13 61 1186.62 0.00 0.00 0.00 4129
 830 13 62 6014.88 0.00 0.00 0.00 65535
 831 13 63 84.12 0.00 0.00 0.00 8210
 832 13 64 8191.88 0.00 0.00 0.00 65279
 833 14  1 3256.12 0.00 0.00 0.00 8325
 834 14  2 1786.62 0.00 0.00 0.00 64509
 835 14  3 163.00 0.00 0.00 0.00 8457
 836 14  4 4095.12 0.00 0.00 0.00 56319
 837 14  5 674.25 0.00 0.00 0.00 50193
 838 14  6 8175.62 0.00 0.00 0.00 65471
 839 14  7 4779.00 0.00 0.00 0.00 45076
 840 14  8 7807.62 0.00 0.00 0.00 65503
 841 14  9 2599.12 0.00 0.00 0.00    1
 842 14 10 8183.88 0.00 0.00 0.00 49151
 843 14 11 4896.00 0.00 0.00 0.00 1281
 844 14 12 4079.88 0.00 0.00 0.00 64511
 845 14 13 706.62 0.00 0.00 0.00 9361
 846 14 14 7807.88 0.00 0.00 0.00 57339
 847 14 15 3600.38 0.00 0.00 0.00   81
 848 14 16 1015.88 0.00 0.00 0.00 40831
 849 14 17 2210.00 0.00 0.00 0.00 6948
 850 14 18 7167.88 0.00 0.00 0.00 65503
 851 14 19 544.00 0.00 0.00 0.00 4103
 852 14 20 8127.88 0.00 0.00 0.00 65529
 853 14 21 35.12 0.00 0.00 0.00 11140
 854 14 22 4087.88 0.00 0.00 0.00 65503
 855 14 23 807.12 0.00 0.00 0.00 17681
 856 14 24 8119.88 0.00 0.00 0.00 38395
 857 14 25 296.00 0.00 0.00 0.00   17
 858 14 26 6142.62 0.00 0.00 0.00 57215
 859 14 27 5652.12 0.00 0.00 0.00 34065
 860 14 28 8191.88 0.00 0.00 0.00 48125
 861 14 29 608.00 0.00 0.00 0.00  400
 862 14 30 8175.88 0.00 0.00 0.00 31743
 863 14 31 435.12 0.00 0.00 0.00 4114
 864 14 32 8055.88 0.00 0.00 0.00 63231
 865 14 33 1610.62 0.00 0.00 0.00 4193
 866 14 34 6911.38 0.00 0.00 0.00 47999
 867 14 35 930.12 0.00 0.00 0.00    1
 868 14 36 8183.88 0.00 0.00 0.00 57331
 869 14 37 614.00 0.00 0.00 0.00 16401
 870 14 38 8179.88 0.00 0.00 0.00 47583
 871 14 39 582.12 0.00 0.00 0.00 1105
 872 14 40 3775.38 0.00 0.00 0.00 56831
 873 14 41 2596.00 0.00 0.00 0.00 4353
 874 14 42 7167.88 0.00 0.00 0.00 57215
 875 14 43 4642.25 0.00 0.00 0.00 37144
 876 14 44 1787.88 0.00 0.00 0.00 24575
 877 14 45 1064.25 0.00 0.00 0.00 37376
 878 14 46 4727.62 0.00 0.00 0.00 65535
 879 14 47 1594.00 0.00 0.00 0.00 11529
 880 14 48 6139.88 0.00 0.00 0.00 32699
 881 14 49 1605.00 0.00 0.00 0.00 4124
 882 14 50 3071.88 0.00 0.00 0.00 65533
 883 14 51 1764.50 0.00 0.00 0.00 2305
 884 14 52 4091.38 0.00 0.00 0.00 65535
 885 14 53 818.12 0.00 0.00 0.00 2070
 886 14 54 8187.88 0.00 0.00 0.00 64511
 887 14 55 544.50 0.00 0.00 0.00 2065
 888 14 56 5115.88 0.00 0.00 0.00 56827
 889 14 57 4642.38 0.00 0.00 0.00 6528
 890 14 58 6138.88 0.00 0.00 0.00 40829
 891 14 59 416.38 0.00 0.00 0.00   80
 892 14 60 8191.12 0.00 0.00 0.00 65529
 893 14 61 2182.00 0.00 0.00 0.00 12288
 894 14 62 6143.88 0.00 0.00 0.00 62459
 895 14 63 5153.12 0.00 0.00 0.00    9
 896 14 64 8047.12 0.00 0.00 0.00 56767
 897 15  1 640.50 0.00 0.00 0.00  464
 898 15  2 4090.88 0.00 0.00 0.00 47101
 899 15  3 4705.12 0.00 0.00 0.00 7201
 900 15  4 8191.12 0.00 0.00 0.00 65499
 901 15  5 2570.38 0.00 0.00 0.00 52496
 902 15  6 5051.88 0.00 0.00 0.00 64511
 903 15  7 4992.38 0.00 0.00 0.00 1285
 904 15  8 6142.88 0.00 0.00 0.00 65471
 905 15  9 1190.88 0.00 0.00 0.00 33842
 906 15 10 6139.88 0.00 0.00 0.00 57343
 907 15 11 544.62 0.00 0.00 0.00 12568
 908 15 12 4079.88 0.00 0.00 0.00 65534
 909 15 13 32.12 0.00 0.00 0.00 4610
 910 15 14 6143.88 0.00 0.00 0.00 32127
 911 15 15 1572.25 0.00 0.00 0.00 45328
 912 15 16 8191.75 0.00 0.00 0.00 65535
 913 15 17 6.12 0.00 0.00 0.00 8193
 914 15 18 7923.88 0.00 0.00 0.00 57342
 915 15 19 608.25 0.00 0.00 0.00 6160
 916 15 20 7103.88 0.00 0.00 0.00 62459
 917 15 21 5298.62 0.00 0.00 0.00    1
 918 15 22 4087.88 0.00 0.00 0.00 63487
 919 15 23 8.12 0.00 0.00 0.00 6403
 920 15 24 6079.38 0.00 0.00 0.00 65529
 921 15 25 2054.38 0.00 0.00 0.00 9501
 922 15 26 7103.62 0.00 0.00 0.00 57343
 923 15 27 1280.12 0.00 0.00 0.00 4370
 924 15 28 6127.38 0.00 0.00 0.00 54783
 925 15 29 2.62 0.00 0.00 0.00 6573
 926 15 30 7867.88 0.00 0.00 0.00 65535
 927 15 31 2581.12 0.00 0.00 0.00   21
 928 15 32 2043.88 0.00 0.00 0.00 65406
 929 15 33 4642.00 0.00 0.00 0.00 4112
 930 15 34 4014.75 0.00 0.00 0.00 65407
 931 15 35 2594.00 0.00 0.00 0.00 4098
 932 15 36 6079.88 0.00 0.00 0.00 63483
 933 15 37 34.00 0.00 0.00 0.00    1
 934 15 38 8183.88 0.00 0.00 0.00 22527
 935 15 39 5288.50 0.00 0.00 0.00 28947
 936 15 40 8063.88 0.00 0.00 0.00 48511
 937 15 41 4608.25 0.00 0.00 0.00 2104
 938 15 42 8187.38 0.00 0.00 0.00 65407
 939 15 43 72.38 0.00 0.00 0.00 20523
 940 15 44 8119.88 0.00 0.00 0.00 37887
 941 15 45 1684.12 0.00 0.00 0.00  273
 942 15 46 2047.88 0.00 0.00 0.00 65439
 943 15 47 4194.00 0.00 0.00 0.00 4417
 944 15 48 8175.38 0.00 0.00 0.00 64479
 945 15 49 544.25 0.00 0.00 0.00 20480
 946 15 50 2046.38 0.00 0.00 0.00 32663
 947 15 51 3362.12 0.00 0.00 0.00 4117
 948 15 52 7935.88 0.00 0.00 0.00 62391
 949 15 53 2336.12 0.00 0.00 0.00  265
 950 15 54 8055.88 0.00 0.00 0.00 65535
 951 15 55 1662.12 0.00 0.00 0.00 14608
 952 15 56 3967.88 0.00 0.00 0.00 65017
 953 15 57 2.00 0.00 0.00 0.00 37129
 954 15 58 8183.38 0.00 0.00 0.00 65503
 955 15 59 710.25 0.00 0.00 0.00   27
 956 15 60 7919.88 0.00 0.00 0.00 32251
 957 15 61 5666.12 0.00 0.00 0.00 41289
 958 15 62 8191.38 0.00 0.00 0.00 63487
 959 15 63 258.25 0.00 0.00 0.00 4624
 960 15 64 8191.88 0.00 0.00 0.00 65527
 961 16  1 2594.50 0.00 0.00 0.00 33031
 962 16  2 7535.88 0.00 0.00 0.00 63423
 963 16  3 802.12 0.00 0.00 0.00 49428
 964 16  4 7167.88 0.00 0.00 0.00 49151
 965 16  5 1058.25 0.00 0.00 0.00 1290
 966 16  6 4091.88 0.00 0.00 0.00 64511
 967 16  7 6690.62 0.00 0.00 0.00  113
 968 16  8 7935.88 0.00 0.00 0.00 65015
 969 16  9 2594.00 0.00 0.00 0.00 4365
 970 16 10 3446.88 0.00 0.00 0.00 63871
 971 16 11 1570.62 0.00 0.00 0.00 6400
 972 16 12 7934.88 0.00 0.00 0.00 32767
 973 16 13 2598.00 0.00 0.00 0.00 18768
 974 16 14 7103.88 0.00 0.00 0.00 65535
 975 16 15 4192.38 0.00 0.00 0.00 8481
 976 16 16 3967.88 0.00 0.00 0.00 32767
 977 16 17 686.25 0.00 0.00 0.00 4376
 978 16 18 8126.38 0.00 0.00 0.00 49151
 979 16 19 1664.12 0.00 0.00 0.00 6421
 980 16 20 8046.62 0.00 0.00 0.00 32637
 981 16 21 641.62 0.00 0.00 0.00  385
 982 16 22 8191.38 0.00 0.00 0.00 55295
 983 16 23 19.50 0.00 0.00 0.00 4432
 984 16 24 3755.88 0.00 0.00 0.00 64311
 985 16 25 4898.12 0.00 0.00 0.00 4353
 986 16 26 8183.88 0.00 0.00 0.00 65535
 987 16 27 2211.62 0.00 0.00 0.00 16645
 988 16 28 3967.88 0.00 0.00 0.00 48063
 989 16 29 544.00 0.00 0.00 0.00 57360
 990 16 30 8175.88 0.00 0.00 0.00 62679
 991 16 31 611.00 0.00 0.00 0.00 1283
 992 16 32 8055.88 0.00 0.00 0.00 30687
 993 16 33 4742.12 0.00 0.00 0.00    0
 994 16 34 8191.88 0.00 0.00 0.00 65535
 995 16 35 1783.12 0.00 0.00 0.00 1102
 996 16 36 8175.12 0.00 0.00 0.00 65021
 997 16 37 576.38 0.00 0.00 0.00 41033
 998 16 38 8189.62 0.00 0.00 0.00 65139
 999 16 39 58.25 0.00 0.00 0.00 6291
1000 16 40 8187.88 0.00 0.00 0.00 32767
1001 16 41 2051.00 0.00 0.00 0.00  276
1002 16 42 6079.62 0.00 0.00 0.00 63421
1003 16 43 2571.12 0.00 0.00 0.00 33013
1004 16 44 6142.88 0.00 0.00 0.00 32767
1005 16 45 1674.00 0.00 0.00 0.00 4369
1006 16 46 4990.88 0.00 0.00 0.00 65535
1007 16 47 1811.12 0.00 0.00 0.00  146
1008 16 48 8191.88 0.00 0.00 0.00 65535
1009 16 49 103.12 0.00 0.00 0.00 4112
1010 16 50 3007.88 0.00 0.00 0.00 57203
1011 16 51 516.00 0.00 0.00 0.00 1571
1012 16 52 1019.88 0.00 0.00 0.00 48607
1013 16 53 6762.12 0.00 0.00 0.00 21768
1014 16 54 7071.88 0.00 0.00 0.00 64511
1015 16 55 162.62 0.00 0.00 0.00 27136
1016 16 56 8187.12 0.00 0.00 0.00 56831
1017 16 57 2.12 0.00 0.00 0.00 1330
1018 16 58 4082.88 0.00 0.00 0.00 49111
1019 16 59 1058.88 0.00 0.00 0.00  915
1020 16 60 8187.88 0.00 0.00 0.00 65535
1021 16 61 4330.00 0.00 0.00 0.00 36867
1022 16 62 8183.88 0.00 0.00 0.00 62463
1023 16 63 4779.50 0.00 0.00 0.00 8192
1024 16 64 8127.88 0.00 0.00 0.00 26487
