0885037795
0885039566
0885046363
0885056634
0885056673
0885056844
0885057480
0885059265
0885060556
0885063519
0885127154
0885128457
0885133648
0885151562
0885152171
0885152700
1200929694
1201175257
1201179457
1201180270
1201197517
1201198407
1201257085
1201258106
1201258417
1201260357
1201263196
1201264667
1201271264
1201277695
1201278856
1201702086
1201702439
1202317328
1202383789
1202387303
1202394449
1202395365
1202395560
1202397769
1202466449
1202468086
1202475405
1202486689
1202728327
1203008381
1203407747
1203414239
1203416799
1203417063
1203421127
1203428096
1203428907
1203429592
1203430387
1203433348
1203435841
1203436623
1203437303
1203437576
1203438081
1203438708
1203440045
1203440353
1203440505
1203440990
1203501671
1203503069
1203504083
1203528280
1203529609
1203531737
1203596213
1203599190
1203951915
1203952924
1203953613
1203954977
1204047742
1204048210
1204048427
1204049408
1204050498
1204051837
1204052729
1204102801
1204102982
1204103738
1204107700
1204111053
1204112415
1204115231
1204127588
1204129209
1204131072
1204194082
1204195363
1204197665
1204197968
1204199764
1204204390
1204206429
1204214800
1204215778
1204215955
1204217781
1204234636
1204234832
1204235535
1204236755
1204237935
1204270776
1204271048
1204271579
1204313972
1204374329
1204466025
1204466447
1204542583
1204564967
1204567402
1204567909
1204568590
1204573436
1204621454
1204639598
1204643899
1204651766
1204653830
1204720053
1204803053
1204808201
1204817472
1204819193
1204889252
1204892959
1204903130
1204903954
1204905630
1204907801
1204909675
1204997249
1204998611
1205000559
1205003165
1205004846
1205505834
1205509550
1205570543
1205570953
1205571486
1205574413
1205574788
1205575643
1205576574
1205851586
1205852022
1205852695
1205913293
1205941105
1205961973
1205963054
1205964324
1205998180
1205999585
1206452191
1206457006
1206457140
1206457270
1206457439
1206462084
1206464507
1206476876
1206480787
1206481258
1206529730
1206541692
1206550380
1206551325
1206616159
1206699137
1206710570
1206713305
1206717232
1206718527
1206718566
1206718602
1206718637
1206718711
1206718834
1206719236
1206719267
1206719334
1206719457
1206722398
1206722835
1206725942
1206732397
1206960792
1206968409
1206973862
1207043863
1207047049
1207050004
1207053118
1207055018
1207061647
1207061743
1207067524
1207067821
1207150313
1207150477
1207156742
1207214664
1207215362
1207230380
1207231436
1207232581
1207235915
1207240753
1207304316
1207308032
1207308114
1207309575
1207311823
1207579614
1207582431
1207584421
1207592811
1207597704
1207642416
1207646764
1207651430
1207651672
1207652028
1207653421
1207662000
1207662037
1207662148
1207662214
1207662677
1207662766
1207670004
1207733806
1207737028
1207737236
1207748866
1207759507
1207760156
1207760297
1207760706
1207760870
1207761045
1207762585
1207764855
1207764883
1207819329
1207819997
1207820389
1207822705
1207824453
1207824524
1207836254
1207839542
1207843574
1207846192
1207847837
1207847976
1207904364
1207908888
1207910325
1207911497
1207913043
1207914803
1207914869
1207921326
1207922460
1207926491
1208178020
1208939921
1208942216
1208945116
1208945994
1208947019
1208951498
1208953448
1208957173
1208957641
1208964990
1208966845
1208968337
1209040386
1209040577
1209043950
1209044941
1209045547
1209054818
1209056988
1209478528
1209480700
1209483466
1209486000
1209488009
1209490137
1209492157
1209494084
1209542789
1209552320
1209556358
1209558848
1209566014
1209570727
1209576348
1209640446
1209644464
1209647526
1209651756
1209655924
1209993172
1209997461
1209998919
1210000579
1210001667
1210062185
1210063368
1210064703
1210067649
1210071246
1210075271
1210078286
1210080678
1210082509
1210086860
1210088119
1210090905
1210092312
1210093288
1210106068
1210151745
1210152200
1210152516
1210153132
1210156206
1210159192
1210162939
1210166769
1210171223
1210174916
1210179845
1210180104
1210180670
1210235219
1210237433
1210239318
1210242922
1210248052
1210252410
1210256338
1210257643
1210259132
1210259883
1210262896
1210264187
1210265200
1210321352
1210322101
1210325692
1210326950
1210327979
1210329154
1210330354
1210332310
1210334154
1210334875
1210337477
1210337581
1210337641
1210337785
1210338955
1210340926
1210344880
1210346183
1210349791
1210668043
1210668829
1210672254
1210674089
1210678713
1210681979
1210685318
1210688809
1210692546
1210695839
1210699813
1210703192
1210706921
1210710298
1210712075
1210755754
1210760098
1210763254
1210767318
1210770008
1210773297
1210776944
1210777700
1210780984
1210787362
1210790822
1210794265
1210798055
1210837029
1210841126
1210846265
1210850312
1210850431
1210850948
1210855277
1210859141
1210861732
1210862564
1210924351
1210924815
1210929090
1210932834
1210935210
1210936442
1211201982
1211204339
1211209242
1211268874
1211271334
1211272531
1211274012
1211277692
1211278578
1211278965
1211281112
1211284366
1211294900
1211297864
1211301076
1211385889
1211387515
1211388892
1211390040
1211391234
1211449025
1211451551
1211452283
1211457595
1211461477
1211465041
1211468347
1211472161
1211475754
1211531684
1211535196
1211538914
1211538996
1211539819
1211540025
1211540917
1211541472
1211546550
1211552087
1211556641
1211559531
1211790768
1211791170
1211791640
1211791800
1211793176
1211795568
1211798728
1211805275
1211814092
1211877896
1211882003
1211885837
1211886308
1211886601
1211887080
1211887670
1211888067
1211888359
1211902879
1211962743
1211963305
1212049668
1212419209
1212419793
1212421471
1212479172
1212482830
1212485666
1212487925
1212494836
1212495900
1212496670
1212497101
1212499017
1212499186
1212500015
1212500091
1212500355
1212501986
1212502111
1212502279
1212505840
1212506644
1212565516
1212569336
1212572895
1212576830
1212581073
1212590203
1212590878
1212592087
1212659037
1212661936
1212665026
1212669667
1212670581
1212670945
1212672599
1212674486
1212675685
1212676264
1212679506
1212683821
1212685652
1212686626
1212738994
1212739385
1212739914
1212740879
1212741505
1212741768
1212743026
1212745099
1212745686
1212748090
1212750616
1213005651
1213005974
1213008673
1213092506
1213096371
1213098898
1213099869
1213102059
1213102844
1213108716
1213109862
1213115227
1213116189
1213117679
1213118900
1213122805
1213124071
1213168627
1213169823
1213170018
1213173879
1213177366
1213181356
1213185922
1213186477
1213187778
1213191543
1213195730
1213198852
1213200413
1213200495
1213200689
1213200831
1213202623
1213209166
1213210699
1213214011
1213215068
1213255680
1213257263
1213258207
1213261302
1213262340
1213265901
1213267049
1213267451
1213271487
1213272400
1213273721
1213274768
1213276563
1213277530
1213277962
1213278371
1213280990
1213284885
1213287278
1213288427
1213289671
1213291122
1213295570
1213300302
1213342328
1213343805
1213343956
1213347743
1213351289
1213352619
1213357338
1213361133
1213363620
1213364792
1213371061
1213371575
1213372592
1213372922
1213373142
1213373835
1213374059
1213375005
1213376884
1213377129
1213380951
1213382110
1213382303
1213384517
1213387540
1213427415
1213429341
1213430233
1213430520
1213434279
1213437523
1213442466
1213449478
1213454057
1213455494
1213463067
1213468281
calibs
