    # Run  FstEvent   LstEvent     TimeFst     TimeLst Prio FilePath
 896849236         1    104466   896849236   896849476  0 /offline/RunsDir/runs/896849236
 896851093         1     70378   896851093   896851183  0 /offline/RunsDir/runs/896851093
 896851959         1    189365   896851959   896853192  0 /offline/RunsDir/runs/896851959
 896853212         1    480573   896853212   896854053  0 /offline/RunsDir/runs/896853212
 896854106         1    178601   896854106   896855044  0 /offline/RunsDir/runs/896854106
 896855064         1    350958   896855064   896856086  0 /offline/RunsDir/runs/896855064
 896856114         1    429246   896856114   896856884  0 /offline/RunsDir/runs/896856114
 896856906         1    157835   896856906   896857901  0 /offline/RunsDir/runs/896856906
 896857929         1     50677   896857929   896858374  0 /offline/RunsDir/runs/896857929
 896858707         1      6698   896858707   896858724  0 /offline/RunsDir/runs/896858707
 896858744         1    653014   896858744   896860571  0 /offline/RunsDir/runs/896858744
 896860595         1     86152   896860595   896860832  0 /offline/RunsDir/runs/896860595
 896860854         1    704733   896860854   896862416  0 /offline/RunsDir/runs/896860854
 896862437         1    302594   896862437   896864259  0 /offline/RunsDir/runs/896862437
 896864279         1    354066   896864279   896865128  0 /offline/RunsDir/runs/896864279
 896865149         1    148303   896865149   896866101  0 /offline/RunsDir/runs/896865149
 896866121         1    273841   896866121   896867120  0 /offline/RunsDir/runs/896866121
 896867148         1     35500   896867148   896867216  0 /offline/RunsDir/runs/896867148
 896867237         1    318949   896867237   896867946  0 /offline/RunsDir/runs/896867237
 896867967         1    193315   896867967   896869423  0 /offline/RunsDir/runs/896867967
 896869444         1    114000   896869444   896869789  0 /offline/RunsDir/runs/896869444
 896869809         1    417461   896869809   896871634  0 /offline/RunsDir/runs/896869809
 896871656         1     55945   896871656   896872059  0 /offline/RunsDir/runs/896871656
 896872641         1    350959   896872641   896873490  0 /offline/RunsDir/runs/896872641
 896873511         1    159803   896873511   896874767  0 /offline/RunsDir/runs/896873511
 896874788         1    203339   896874788   896875386  0 /offline/RunsDir/runs/896874788
 896875407         1    344932   896875407   896877281  0 /offline/RunsDir/runs/896875407
 896877302         1    562563   896877302   896879062  0 /offline/RunsDir/runs/896877302
 896879083         1     14347   896879083   896879170  0 /offline/RunsDir/runs/896879083
 896879191         1    427104   896879191   896881070  0 /offline/RunsDir/runs/896879191
 896881091         1    293826   896881091   896882960  0 /offline/RunsDir/runs/896881091
 896882982         1    103263   896882982   896883358  0 /offline/RunsDir/runs/896882982
 896883378         1    374972   896883378   896884861  0 /offline/RunsDir/runs/896883378
 896884881         1    471228   896884881   896886754  0 /offline/RunsDir/runs/896884881
 896886775         1    120334   896886775   896887652  0 /offline/RunsDir/runs/896886775
 896887673         1    208777   896887673   896888653  0 /offline/RunsDir/runs/896887673
 896888674         1    492778   896888674   896890542  0 /offline/RunsDir/runs/896888674
 896892351         1      8830   896892351   896892448  0 /offline/RunsDir/runs/896892351
 896892469         1    369225   896892469   896894340  0 /offline/RunsDir/runs/896892469
 896894360         1     52880   896894360   896894477  0 /offline/RunsDir/runs/896894360
 896894699         1    408809   896894699   896896233  0 /offline/RunsDir/runs/896894699
 896896254         1    109284   896896254   896896822  0 /offline/RunsDir/runs/896896254
 896897199         1    242694   896897199   896898126  0 /offline/RunsDir/runs/896897199
 896898146         1    177105   896898146   896899325  0 /offline/RunsDir/runs/896898146
 896899346         1    385549   896899346   896900021  0 /offline/RunsDir/runs/896899346
 896900041         1    336743   896900041   896901919  0 /offline/RunsDir/runs/896900041
 896901940         1    517868   896901940   896903620  0 /offline/RunsDir/runs/896901940
 896903641         1     18201   896903641   896903813  0 /offline/RunsDir/runs/896903641
 896903833         1    704724   896903833   896905708  0 /offline/RunsDir/runs/896903833
 896905729         1    377455   896905729   896907603  0 /offline/RunsDir/runs/896905729
 896907623         1    145076   896907623   896907911  0 /offline/RunsDir/runs/896907623
 896908306         1    183333   896908306   896909475  0 /offline/RunsDir/runs/896908306
 896909496         1    252854   896909496   896910432  0 /offline/RunsDir/runs/896909496
 896910453         1    518156   896910453   896911372  0 /offline/RunsDir/runs/896910453
 896911393         1    464054   896911393   896913265  0 /offline/RunsDir/runs/896911393
 896913287         1    496894   896913287   896914716  0 /offline/RunsDir/runs/896913287
 896914994         1     14272   896914994   896915158  0 /offline/RunsDir/runs/896914994
 896915178         1    842167   896915178   896917021  0 /offline/RunsDir/runs/896915178
 896917042         1     19699   896917042   896917121  0 /offline/RunsDir/runs/896917042
 896917141         1    435560   896917141   896918881  0 /offline/RunsDir/runs/896917141
 896918901         1    513631   896918901   896920746  0 /offline/RunsDir/runs/896918901
 896920767         1    201679   896920767   896921414  0 /offline/RunsDir/runs/896920767
 896922724         1    428141   896922724   896924487  0 /offline/RunsDir/runs/896922724
 896924508         1    197089   896924508   896924850  0 /offline/RunsDir/runs/896924508
 896924871         1    286054   896924871   896926351  0 /offline/RunsDir/runs/896924871
 896926372         1    866460   896926372   896928215  0 /offline/RunsDir/runs/896926372
 896928236         1    106110   896928236   896929145  0 /offline/RunsDir/runs/896928236
 896929166         1    328543   896929166   896930077  0 /offline/RunsDir/runs/896929166
 896930098         1    416300   896930098   896931155  0 /offline/RunsDir/runs/896930098
 896931197         1      4654   896931197   896931239  0 /offline/RunsDir/runs/896931197
 896931280         1     90657   896931280   896931981  0 /offline/RunsDir/runs/896931280
 896932002         1    738767   896932002   896933441  0 /offline/RunsDir/runs/896932002
 896933461         1    132315   896933461   896933850  0 /offline/RunsDir/runs/896933461
 896933870         1    452542   896933870   896935711  0 /offline/RunsDir/runs/896933870
 896935731         1    512848   896935731   896937567  0 /offline/RunsDir/runs/896935731
 896937610         1     37018   896937610   896937736  0 /offline/RunsDir/runs/896937610
 896937756         1    786724   896937756   896939438  0 /offline/RunsDir/runs/896937756
 896939460         1    451154   896939460   896941298  0 /offline/RunsDir/runs/896939460
 896941319         1    350491   896941319   896942031  0 /offline/RunsDir/runs/896941319
 896942051         1    243480   896942051   896943150  0 /offline/RunsDir/runs/896942051
 896943171         1    761512   896943171   896945006  0 /offline/RunsDir/runs/896943171
 896945027         1    177937   896945027   896946325  0 /offline/RunsDir/runs/896945027
 896946367         1    241053   896946367   896946868  0 /offline/RunsDir/runs/896946367
 896946888         1    524589   896946888   896948725  0 /offline/RunsDir/runs/896946888
 896948746         1    616027   896948746   896950142  0 /offline/RunsDir/runs/896948746
 896950641         1    415736   896950641   896952445  0 /offline/RunsDir/runs/896950641
 896952466         1    335215   896952466   896954304  0 /offline/RunsDir/runs/896952466
 896954324         1    194551   896954324   896954915  0 /offline/RunsDir/runs/896954324
 896954936         1    421202   896954936   896956169  0 /offline/RunsDir/runs/896954936
 896956190         1    426514   896956190   896958027  0 /offline/RunsDir/runs/896956190
 896958048         1    174337   896958048   896959031  0 /offline/RunsDir/runs/896958048
 896959052         1     18857   896959052   896959210  0 /offline/RunsDir/runs/896959052
 896959231         1    448316   896959231   896960892  0 /offline/RunsDir/runs/896959231
 896960913         1    355752   896960913   896962756  0 /offline/RunsDir/runs/896960913
 896962776         1    347714   896962776   896963505  0 /offline/RunsDir/runs/896962776
 896963526         1    178552   896963526   896964613  0 /offline/RunsDir/runs/896963526
 896964634         1    145013   896964634   896965353  0 /offline/RunsDir/runs/896964634
 896965686         1    318502   896965686   896966496  0 /offline/RunsDir/runs/896965686
 896966517         1    211451   896966517   896967812  0 /offline/RunsDir/runs/896966517
 896967833         1    178430   896967833   896968367  0 /offline/RunsDir/runs/896967833
 896968388         1    492018   896968388   896970237  0 /offline/RunsDir/runs/896968388
 896970258         1    491020   896970258   896972107  0 /offline/RunsDir/runs/896970258
 896972128         1    346234   896972128   896973977  0 /offline/RunsDir/runs/896972128
 896973998         1     15984   896973998   896974039  0 /offline/RunsDir/runs/896973998
 896974067         1     66854   896974067   896974239  0 /offline/RunsDir/runs/896974067
 896974267         1    237838   896974267   896975848  0 /offline/RunsDir/runs/896974267
 896975869         1    107728   896975869   896976402  0 /offline/RunsDir/runs/896975869
 896976423         1     22166   896976423   896976488  0 /offline/RunsDir/runs/896976423
 896976516         1    353786   896976516   896977735  0 /offline/RunsDir/runs/896976516
 896977757         1    453867   896977757   896979624  0 /offline/RunsDir/runs/896977757
 896979653         1     69639   896979653   896979828  0 /offline/RunsDir/runs/896979653
 896979855         1     24289   896979855   896979929  0 /offline/RunsDir/runs/896979855
 896979957         1    110428   896979957   896980697  0 /offline/RunsDir/runs/896979957
 896980718         1     52867   896980718   896981228  0 /offline/RunsDir/runs/896980718
 896981310         1     34630   896981310   896981520  0 /offline/RunsDir/runs/896981310
 896981542         1    144661   896981542   896981897  0 /offline/RunsDir/runs/896981542
 896981918         1     96899   896981918   896982092  0 /offline/RunsDir/runs/896981918
 896982113         1     53170   896982113   896982209  0 /offline/RunsDir/runs/896982113
 896982237         1     16701   896982237   896982267  0 /offline/RunsDir/runs/896982237
 896982296         1    404854   896982296   896983436  0 /offline/RunsDir/runs/896982296
 896983641         1    372605   896983641   896985101  0 /offline/RunsDir/runs/896983641
 896985129         1    138186   896985129   896985374  0 /offline/RunsDir/runs/896985129
 896985395         1    118664   896985395   896985700  0 /offline/RunsDir/runs/896985395
 896986032         1    219368   896986032   896987294  0 /offline/RunsDir/runs/896986032
 896987316         1    476838   896987316   896988159  0 /offline/RunsDir/runs/896987316
 896988179         1    218607   896988179   896989221  0 /offline/RunsDir/runs/896988179
 896989242         1    710023   896989242   896991142  0 /offline/RunsDir/runs/896989242
 896991163         1    174441   896991163   896992453  0 /offline/RunsDir/runs/896991163
 896992474         1    283304   896992474   896993076  0 /offline/RunsDir/runs/896992474
 896993097         1    192321   896993097   896993441  0 /offline/RunsDir/runs/896993097
 896993470         1    418863   896993470   896994988  0 /offline/RunsDir/runs/896993470
 896995008         1    778144   896995008   896996749  0 /offline/RunsDir/runs/896995008
 896996769         1     26556   896996769   896996896  0 /offline/RunsDir/runs/896996769
 896996917         1    521266   896996917   896998790  0 /offline/RunsDir/runs/896996917
 896998811         1    349737   896998811   896999433  0 /offline/RunsDir/runs/896998811
 897001983         1    165959   897001983   897002593  0 /offline/RunsDir/runs/897001983
 897002613         1    324696   897002613   897004006  0 /offline/RunsDir/runs/897002613
 897004423         1     50380   897004423   897004515  0 /offline/RunsDir/runs/897004423
 897004536         1    227382   897004536   897004948  0 /offline/RunsDir/runs/897004536
 897008357         1    637901   897008357   897008888  0 /offline/RunsDir/runs/897008357
 897010229         1    268948   897010229   897010744  0 /offline/RunsDir/runs/897010229
 897012313         1    139550   897012313   897012566  0 /offline/RunsDir/runs/897012313
 897012608         1     14680   897012608   897012635  0 /offline/RunsDir/runs/897012608
 897012676         1    459086   897012676   897013989  0 /offline/RunsDir/runs/897012676
 897014010         1     52001   897014010   897014440  0 /offline/RunsDir/runs/897014010
 897014460         1    633040   897014460   897015851  0 /offline/RunsDir/runs/897014460
 897015871         1    432839   897015871   897017725  0 /offline/RunsDir/runs/897015871
 897017746         1    296768   897017746   897018335  0 /offline/RunsDir/runs/897017746
 897018356         1     56029   897018356   897018457  0 /offline/RunsDir/runs/897018356
 897019135         1     65025   897019135   897019600  0 /offline/RunsDir/runs/897019135
 897019620         1     88020   897019620   897020185  0 /offline/RunsDir/runs/897019620
 897020453         1    547405   897020453   897021484  0 /offline/RunsDir/runs/897020453
 897021504         1      7575   897021504   897021517  0 /offline/RunsDir/runs/897021504
 897023005         1     72277   897023005   897023382  0 /offline/RunsDir/runs/897023005
 897023402         1    417803   897023402   897024190  0 /offline/RunsDir/runs/897023402
 897025416         1    627052   897025416   897026818  0 /offline/RunsDir/runs/897025416
 897027893         1    187892   897027893   897029087  0 /offline/RunsDir/runs/897027893
 897029108         1    515691   897029108   897030018  0 /offline/RunsDir/runs/897029108
 897030040         1    220672   897030040   897030991  0 /offline/RunsDir/runs/897030040
 897031011         1    834288   897031011   897032878  0 /offline/RunsDir/runs/897031011
 897032899         1    192251   897032899   897034313  0 /offline/RunsDir/runs/897032899
 897034335         1    177448   897034335   897034805  0 /offline/RunsDir/runs/897034335
 897034826         1    556323   897034826   897036670  0 /offline/RunsDir/runs/897034826
 897036742         1    711785   897036742   897038362  0 /offline/RunsDir/runs/897036742
 897038630         1      2853   897038630   897038647  0 /offline/RunsDir/runs/897038630
 897038667         1    454897   897038667   897040574  0 /offline/RunsDir/runs/897038667
 897040595         1    382760   897040595   897042526  0 /offline/RunsDir/runs/897040595
 897042547         1     43556   897042547   897042774  0 /offline/RunsDir/runs/897042547
 897043017         1    579102   897043017   897044493  0 /offline/RunsDir/runs/897043017
 897044514         1     61030   897044514   897045137  0 /offline/RunsDir/runs/897044514
 897045436         1    435187   897045436   897046451  0 /offline/RunsDir/runs/897045436
 897046472         1    161934   897046472   897047563  0 /offline/RunsDir/runs/897046472
 897047583         1    138808   897047583   897048410  0 /offline/RunsDir/runs/897047583
 897048430         1    599844   897048430   897050360  0 /offline/RunsDir/runs/897048430
 897050381         1    504087   897050381   897051857  0 /offline/RunsDir/runs/897050381
 897051878         1     85260   897051878   897052313  0 /offline/RunsDir/runs/897051878
 897052334         1    375229   897052334   897054260  0 /offline/RunsDir/runs/897052334
 897054281         1    448676   897054281   897056152  0 /offline/RunsDir/runs/897054281
 897056173         1      5287   897056173   897056213  0 /offline/RunsDir/runs/897056173
 897056234         1    586799   897056234   897058164  0 /offline/RunsDir/runs/897056234
 897058185         1    476473   897058185   897060099  0 /offline/RunsDir/runs/897058185
 897060121         1    111939   897060121   897060447  0 /offline/RunsDir/runs/897060121
 897060468         1    330896   897060468   897062025  0 /offline/RunsDir/runs/897060468
 897062050         1    561926   897062050   897063635  0 /offline/RunsDir/runs/897062050
 897063982         1    159465   897063982   897064742  0 /offline/RunsDir/runs/897063982
 897064763         1    442079   897064763   897065887  0 /offline/RunsDir/runs/897064763
 897065907         1    500156   897065907   897067805  0 /offline/RunsDir/runs/897065907
 897067827         1    405242   897067827   897069036  0 /offline/RunsDir/runs/897067827
 897069058         1     79565   897069058   897069732  0 /offline/RunsDir/runs/897069058
 897069752         1    316235   897069752   897070511  0 /offline/RunsDir/runs/897069752
 897073329         1    129213   897073329   897073566  0 /offline/RunsDir/runs/897073329
 897073587         1    405142   897073587   897075453  0 /offline/RunsDir/runs/897073587
 897075722         1    688711   897075722   897077483  0 /offline/RunsDir/runs/897075722
 897077503         1     46113   897077503   897077849  0 /offline/RunsDir/runs/897077503
 897077869         1    623972   897077869   897079253  0 /offline/RunsDir/runs/897077869
 897082764         1     68675   897082764   897083256  0 /offline/RunsDir/runs/897082764
 897083277         1    380313   897083277   897084284  0 /offline/RunsDir/runs/897083277
 897084305         1     95969   897084305   897084470  0 /offline/RunsDir/runs/897084305
 897084911         1    219160   897084911   897086185  0 /offline/RunsDir/runs/897084911
 897086206         1    876171   897086206   897088080  0 /offline/RunsDir/runs/897086206
 897088101         1    528732   897088101   897089968  0 /offline/RunsDir/runs/897088101
 897089988         1    494928   897089988   897091856  0 /offline/RunsDir/runs/897089988
 897091876         1    815048   897091876   897093481  0 /offline/RunsDir/runs/897091876
 897093501         1     49184   897093501   897093740  0 /offline/RunsDir/runs/897093501
 897093761         1    553849   897093761   897095656  0 /offline/RunsDir/runs/897093761
 897095677         1    149256   897095677   897095938  0 /offline/RunsDir/runs/897095677
 897096295         1    203247   897096295   897097591  0 /offline/RunsDir/runs/897096295
 897097612         1     69870   897097612   897097776  0 /offline/RunsDir/runs/897097612
 897097796         1    781935   897097796   897099526  0 /offline/RunsDir/runs/897097796
 897099548         1    638626   897099548   897101451  0 /offline/RunsDir/runs/897099548
 897101472         1    185165   897101472   897102071  0 /offline/RunsDir/runs/897101472
 897102091         1    282825   897102091   897103365  0 /offline/RunsDir/runs/897102091
 897103386         1    401045   897103386   897104094  0 /offline/RunsDir/runs/897103386
 897104942         1     42356   897104942   897105281  0 /offline/RunsDir/runs/897104942
 897105301         1    224050   897105301   897106364  0 /offline/RunsDir/runs/897105301
 897106386         1    445730   897106386   897107172  0 /offline/RunsDir/runs/897106386
 897107193         1    598728   897107193   897109059  0 /offline/RunsDir/runs/897107193
 897109080         1    683836   897109080   897110660  0 /offline/RunsDir/runs/897109080
 897110681         1     28220   897110681   897110944  0 /offline/RunsDir/runs/897110681
 897110965         1    697611   897110965   897112813  0 /offline/RunsDir/runs/897110965
 897112855         1    562697   897112855   897114670  0 /offline/RunsDir/runs/897112855
 897114691         1    136250   897114691   897114955  0 /offline/RunsDir/runs/897114691
 897114976         1    512537   897114976   897116536  0 /offline/RunsDir/runs/897114976
 897116557         1    462767   897116557   897117959  0 /offline/RunsDir/runs/897116557
 897117996         1    189417   897117996   897118400  0 /offline/RunsDir/runs/897117996
 897118420         1    142883   897118420   897119249  0 /offline/RunsDir/runs/897118420
 897119271         1    293825   897119271   897120263  0 /offline/RunsDir/runs/897119271
 897120284         1    594941   897120284   897121904  0 /offline/RunsDir/runs/897120284
 897122146         1    436164   897122146   897123231  0 /offline/RunsDir/runs/897122146
 897123566         1    139155   897123566   897123988  0 /offline/RunsDir/runs/897123566
 897124009         1    311261   897124009   897125849  0 /offline/RunsDir/runs/897124009
 897125869         1    582444   897125869   897127704  0 /offline/RunsDir/runs/897125869
 897127725         1     10409   897127725   897127841  0 /offline/RunsDir/runs/897127725
 897127861         1    293160   897127861   897128951  0 /offline/RunsDir/runs/897127861
 897129183         1     65396   897129183   897129562  0 /offline/RunsDir/runs/897129183
 897129582         1    298135   897129582   897131309  0 /offline/RunsDir/runs/897129582
 897131330         1      8685   897131330   897131353  0 /offline/RunsDir/runs/897131330
 897131693         1    442240   897131693   897133339  0 /offline/RunsDir/runs/897131693
 897133360         1    104933   897133360   897133817  0 /offline/RunsDir/runs/897133360
 897133976         1    369637   897133976   897135253  0 /offline/RunsDir/runs/897133976
 897135274         1    121619   897135274   897136102  0 /offline/RunsDir/runs/897135274
 897136123         1    246598   897136123   897137144  0 /offline/RunsDir/runs/897136123
 897137165         1    469983   897137165   897139038  0 /offline/RunsDir/runs/897137165
 897139059         1    465028   897139059   897140397  0 /offline/RunsDir/runs/897139059
 897140418         1     81503   897140418   897140944  0 /offline/RunsDir/runs/897140418
 897140964         1    438732   897140964   897142836  0 /offline/RunsDir/runs/897140964
 897142856         1    430587   897142856   897144692  0 /offline/RunsDir/runs/897142856
 897144713         1      4083   897144713   897144729  0 /offline/RunsDir/runs/897144713
 897144750         1    534576   897144750   897146619  0 /offline/RunsDir/runs/897144750
 897146640         1    549930   897146640   897148517  0 /offline/RunsDir/runs/897146640
 897148537         1    154076   897148537   897148987  0 /offline/RunsDir/runs/897148537
 897149008         1    314981   897149008   897150410  0 /offline/RunsDir/runs/897149008
 897150431         1    502832   897150431   897152300  0 /offline/RunsDir/runs/897150431
 897152322         1    346776   897152322   897153283  0 /offline/RunsDir/runs/897152322
 897153303         1    353540   897153303   897154200  0 /offline/RunsDir/runs/897153303
 897154221         1    491468   897154221   897156094  0 /offline/RunsDir/runs/897154221
 897156115         1    451567   897156115   897157578  0 /offline/RunsDir/runs/897156115
 897157598         1     60491   897157598   897157993  0 /offline/RunsDir/runs/897157598
 897158013         1    851052   897158013   897159887  0 /offline/RunsDir/runs/897158013
 897159907         1    540742   897159907   897161787  0 /offline/RunsDir/runs/897159907
 897161807         1     36260   897161807   897161872  0 /offline/RunsDir/runs/897161807
 897161893         1    391014   897161893   897163682  0 /offline/RunsDir/runs/897161893
 897163703         1    835530   897163703   897165578  0 /offline/RunsDir/runs/897163703
 897165599         1     81619   897165599   897166167  0 /offline/RunsDir/runs/897165599
 897166188         1    213341   897166188   897166780  0 /offline/RunsDir/runs/897166188
 897166821         1     17602   897166821   897166851  0 /offline/RunsDir/runs/897166821
 897166892         1    363759   897166892   897167514  0 /offline/RunsDir/runs/897166892
 897167535         1    419167   897167535   897169416  0 /offline/RunsDir/runs/897167535
 897169437         1    602361   897169437   897170462  0 /offline/RunsDir/runs/897169437
 897170483         1    199250   897170483   897171311  0 /offline/RunsDir/runs/897170483
 897171331         1    747833   897171331   897173203  0 /offline/RunsDir/runs/897171331
 897173224         1    280158   897173224   897174757  0 /offline/RunsDir/runs/897173224
 897174778         1    156811   897174778   897175102  0 /offline/RunsDir/runs/897174778
 897175122         1    763223   897175122   897176991  0 /offline/RunsDir/runs/897175122
 897177012         1    758164   897177012   897178886  0 /offline/RunsDir/runs/897177012
 897178907         1     29864   897178907   897179053  0 /offline/RunsDir/runs/897178907
 897179073         1    418378   897179073   897180785  0 /offline/RunsDir/runs/897179073
 897180806         1    180716   897180806   897181116  0 /offline/RunsDir/runs/897180806
 897181158         1     24226   897181158   897181200  0 /offline/RunsDir/runs/897181158
 897181240         1    444927   897181240   897182720  0 /offline/RunsDir/runs/897181240
 897182741         1    115335   897182741   897183347  0 /offline/RunsDir/runs/897182741
 897183368         1    636439   897183368   897184614  0 /offline/RunsDir/runs/897183368
 897184635         1    533198   897184635   897186509  0 /offline/RunsDir/runs/897184635
 897186530         1    534491   897186530   897187642  0 /offline/RunsDir/runs/897186530
 897187671         1     83537   897187671   897188413  0 /offline/RunsDir/runs/897187671
 897188433         1    765174   897188433   897190304  0 /offline/RunsDir/runs/897188433
 897190324         1    438119   897190324   897191937  0 /offline/RunsDir/runs/897190324
 897191958         1    144180   897191958   897192207  0 /offline/RunsDir/runs/897191958
 897192228         1    539693   897192228   897194102  0 /offline/RunsDir/runs/897192228
 897194122         1    791535   897194122   897195994  0 /offline/RunsDir/runs/897194122
 897196016         1     14614   897196016   897196127  0 /offline/RunsDir/runs/897196016
 897196168         1      3986   897196168   897196199  0 /offline/RunsDir/runs/897196168
 897196241         1    733447   897196241   897197928  0 /offline/RunsDir/runs/897196241
 897197950         1    454050   897197950   897199825  0 /offline/RunsDir/runs/897197950
 897199845         1    215565   897199845   897200383  0 /offline/RunsDir/runs/897199845
 897200404         1     72145   897200404   897200527  0 /offline/RunsDir/runs/897200404
 897200548         1    453029   897200548   897201718  0 /offline/RunsDir/runs/897200548
 897201739         1    232153   897201739   897202572  0 /offline/RunsDir/runs/897201739
 897202593         1    487297   897202593   897203617  0 /offline/RunsDir/runs/897202593
 897203638         1    382222   897203638   897205514  0 /offline/RunsDir/runs/897203638
 897205535         1    648772   897205535   897207413  0 /offline/RunsDir/runs/897205535
 897207432         1    150823   897207432   897208426  0 /offline/RunsDir/runs/897207432
 897208447         1    363955   897208447   897209116  0 /offline/RunsDir/runs/897208447
 897209138         1    289013   897209138   897210329  0 /offline/RunsDir/runs/897209138
 897210350         1    573041   897210350   897212219  0 /offline/RunsDir/runs/897210350
 897212240         1     45645   897212240   897212505  0 /offline/RunsDir/runs/897212240
 897212546         1      6083   897212546   897212587  0 /offline/RunsDir/runs/897212546
 897212628         1     85317   897212628   897213412  0 /offline/RunsDir/runs/897212628
 897213433         1    162927   897213433   897214154  0 /offline/RunsDir/runs/897213433
 897214175         1    585090   897214175   897216051  0 /offline/RunsDir/runs/897214175
 897216071         1    537471   897216071   897217707  0 /offline/RunsDir/runs/897216071
 897217728         1     36682   897217728   897217955  0 /offline/RunsDir/runs/897217728
 897217975         1    346438   897217975   897219844  0 /offline/RunsDir/runs/897217975
 897219865         1    488996   897219865   897221739  0 /offline/RunsDir/runs/897219865
 897221760         1     50512   897221760   897222002  0 /offline/RunsDir/runs/897221760
 897222023         1    532349   897222023   897223638  0 /offline/RunsDir/runs/897222023
 897223658         1    413431   897223658   897225532  0 /offline/RunsDir/runs/897223658
 897225552         1    251643   897225552   897226297  0 /offline/RunsDir/runs/897225552
 897226318         1     37603   897226318   897226561  0 /offline/RunsDir/runs/897226318
 897226602         1      5028   897226602   897226638  0 /offline/RunsDir/runs/897226602
 897226679         1    103593   897226679   897227468  0 /offline/RunsDir/runs/897226679
 897227488         1    580713   897227488   897229361  0 /offline/RunsDir/runs/897227488
 897229382         1    267149   897229382   897230591  0 /offline/RunsDir/runs/897229382
 897230613         1    213306   897230613   897231260  0 /offline/RunsDir/runs/897230613
 897231280         1    443413   897231280   897233153  0 /offline/RunsDir/runs/897231280
 897233173         1    506483   897233173   897234886  0 /offline/RunsDir/runs/897233173
 897234908         1     16770   897234908   897235059  0 /offline/RunsDir/runs/897234908
 897235079         1    613717   897235079   897236953  0 /offline/RunsDir/runs/897235079
 897236974         1    272392   897236974   897237753  0 /offline/RunsDir/runs/897236974
 897237794         1      3647   897237794   897237828  0 /offline/RunsDir/runs/897237794
 897237870         1    230719   897237870   897238884  0 /offline/RunsDir/runs/897237870
 897238905         1    137555   897238905   897239182  0 /offline/RunsDir/runs/897238905
 897239203         1    320538   897239203   897240780  0 /offline/RunsDir/runs/897239203
 897240800         1    748799   897240800   897242676  0 /offline/RunsDir/runs/897240800
 897242698         1    114372   897242698   897243477  0 /offline/RunsDir/runs/897242698
 897243498         1    361419   897243498   897244571  0 /offline/RunsDir/runs/897243498
 897244592         1    424785   897244592   897246475  0 /offline/RunsDir/runs/897244592
 897246495         1    269619   897246495   897247027  0 /offline/RunsDir/runs/897246495
 897247056         1    158372   897247056   897247330  0 /offline/RunsDir/runs/897247056
 897247925         1     72391   897247925   897248348  0 /offline/RunsDir/runs/897247925
 897248369         1    562620   897248369   897250041  0 /offline/RunsDir/runs/897248369
 897250086         1     84072   897250086   897250245  0 /offline/RunsDir/runs/897250086
 897250265         1    415165   897250265   897252143  0 /offline/RunsDir/runs/897250265
 897252164         1    179944   897252164   897252479  0 /offline/RunsDir/runs/897252164
 897252723         1    493796   897252723   897254039  0 /offline/RunsDir/runs/897252723
 897254060         1    148003   897254060   897254841  0 /offline/RunsDir/runs/897254060
 897254861         1    594725   897254861   897255943  0 /offline/RunsDir/runs/897254861
 897255964         1    167502   897255964   897256799  0 /offline/RunsDir/runs/897255964
 897256840         1      4682   897256840   897256869  0 /offline/RunsDir/runs/897256840
 897256910         1    287976   897256910   897257875  0 /offline/RunsDir/runs/897256910
 897257896         1    650054   897257896   897259136  0 /offline/RunsDir/runs/897257896
 897259156         1     96634   897259156   897259771  0 /offline/RunsDir/runs/897259156
 897259791         1    470674   897259791   897261076  0 /offline/RunsDir/runs/897259791
 897261281         1    160619   897261281   897261619  0 /offline/RunsDir/runs/897261281
 897261858         1    441561   897261858   897263541  0 /offline/RunsDir/runs/897261858
 897263562         1    240844   897263562   897263984  0 /offline/RunsDir/runs/897263562
 897264005         1    210464   897264005   897264372  0 /offline/RunsDir/runs/897264005
 897265176         1     38917   897265176   897265444  0 /offline/RunsDir/runs/897265176
 897265465         1    752675   897265465   897267303  0 /offline/RunsDir/runs/897265465
 897267323         1      3247   897267323   897267339  0 /offline/RunsDir/runs/897267323
 897267360         1     40790   897267360   897267616  0 /offline/RunsDir/runs/897267360
 897267657         1      3267   897267657   897267678  0 /offline/RunsDir/runs/897267657
 897267719         1    514392   897267719   897269281  0 /offline/RunsDir/runs/897267719
 897269302         1    621005   897269302   897271173  0 /offline/RunsDir/runs/897269302
 897271194         1     71134   897271194   897271597  0 /offline/RunsDir/runs/897271194
 897271618         1    697206   897271618   897273071  0 /offline/RunsDir/runs/897271618
 897273092         1    603936   897273092   897274966  0 /offline/RunsDir/runs/897273092
 897274986         1    424803   897274986   897275892  0 /offline/RunsDir/runs/897274986
 897275913         1    110231   897275913   897276866  0 /offline/RunsDir/runs/897275913
 897276887         1    791864   897276887   897278760  0 /offline/RunsDir/runs/897276887
 897278780         1    554415   897278780   897280187  0 /offline/RunsDir/runs/897278780
 897280208         1    248206   897280208   897280656  0 /offline/RunsDir/runs/897280208
 897280677         1    395946   897280677   897281819  0 /offline/RunsDir/runs/897280677
 897281860         1      3254   897281860   897281889  0 /offline/RunsDir/runs/897281860
 897281930         1     67064   897281930   897282590  0 /offline/RunsDir/runs/897281930
 897282611         1    775571   897282611   897284483  0 /offline/RunsDir/runs/897282611
 897284503         1    752987   897284503   897286381  0 /offline/RunsDir/runs/897284503
 897286401         1    389428   897286401   897288274  0 /offline/RunsDir/runs/897286401
 897288295         1    200898   897288295   897288741  0 /offline/RunsDir/runs/897288295
 897288997         1    345921   897288997   897290169  0 /offline/RunsDir/runs/897288997
 897290190         1    157101   897290190   897291123  0 /offline/RunsDir/runs/897290190
 897291144         1    495131   897291144   897292070  0 /offline/RunsDir/runs/897291144
 897292091         1    348857   897292091   897293961  0 /offline/RunsDir/runs/897292091
 897293982         1    503498   897293982   897295418  0 /offline/RunsDir/runs/897293982
 897295439         1     52067   897295439   897295856  0 /offline/RunsDir/runs/897295439
 897295875         1     17999   897295875   897296064  0 /offline/RunsDir/runs/897295875
 897296107         1      4448   897296107   897296150  0 /offline/RunsDir/runs/897296107
 897296192         1    404866   897296192   897297353  0 /offline/RunsDir/runs/897296192
 897297702         1     29888   897297702   897297793  0 /offline/RunsDir/runs/897297702
 897297814         1    389027   897297814   897299692  0 /offline/RunsDir/runs/897297814
 897299713         1     52688   897299713   897299820  0 /offline/RunsDir/runs/897299713
 897300218         1    215706   897300218   897301585  0 /offline/RunsDir/runs/897300218
 897301605         1    143487   897301605   897302344  0 /offline/RunsDir/runs/897301605
 897302365         1    495391   897302365   897303475  0 /offline/RunsDir/runs/897302365
 897303496         1    464982   897303496   897305377  0 /offline/RunsDir/runs/897303496
 897305398         1    273334   897305398   897306639  0 /offline/RunsDir/runs/897305398
 897306660         1     67657   897306660   897307272  0 /offline/RunsDir/runs/897306660
 897307292         1    590698   897307292   897309164  0 /offline/RunsDir/runs/897307292
 897309185         1    391242   897309185   897310778  0 /offline/RunsDir/runs/897309185
 897310828         1     24764   897310828   897310872  0 /offline/RunsDir/runs/897310828
 897310913         1      4274   897310913   897310921  0 /offline/RunsDir/runs/897310913
 897311144         1    300078   897311144   897313004  0 /offline/RunsDir/runs/897311144
 897313024         1     94322   897313024   897313269  0 /offline/RunsDir/runs/897313024
 897313619         1    203973   897313619   897314244  0 /offline/RunsDir/runs/897313619
 897314265         1    177307   897314265   897314871  0 /offline/RunsDir/runs/897314265
 897315148         1    556849   897315148   897316775  0 /offline/RunsDir/runs/897315148
 897316795         1     77453   897316795   897317274  0 /offline/RunsDir/runs/897316795
 897317295         1    250622   897317295   897318668  0 /offline/RunsDir/runs/897317295
 897318689         1    570113   897318689   897320573  0 /offline/RunsDir/runs/897318689
 897320594         1    190743   897320594   897321569  0 /offline/RunsDir/runs/897320594
 897321590         1    267233   897321590   897322470  0 /offline/RunsDir/runs/897321590
 897322490         1    516284   897322490   897324362  0 /offline/RunsDir/runs/897322490
 897324382         1    419393   897324382   897325863  0 /offline/RunsDir/runs/897324382
 897325885         1     53467   897325885   897326254  0 /offline/RunsDir/runs/897325885
 897326275         1    631859   897326275   897328150  0 /offline/RunsDir/runs/897326275
 897328171         1     44873   897328171   897328567  0 /offline/RunsDir/runs/897328171
 897328608         1      4851   897328608   897328652  0 /offline/RunsDir/runs/897328608
 897328694         1    516505   897328694   897330086  0 /offline/RunsDir/runs/897328694
 897330106         1     30260   897330106   897330159  0 /offline/RunsDir/runs/897330106
 897330180         1    339629   897330180   897331980  0 /offline/RunsDir/runs/897330180
 897332000         1    420179   897332000   897332997  0 /offline/RunsDir/runs/897332000
 897333019         1    208820   897333019   897334454  0 /offline/RunsDir/runs/897333019
 897334475         1     94177   897334475   897334896  0 /offline/RunsDir/runs/897334475
 897334925         1    729866   897334925   897336793  0 /offline/RunsDir/runs/897334925
 897336813         1    697950   897336813   897338700  0 /offline/RunsDir/runs/897336813
 897338721         1      6887   897338721   897338749  0 /offline/RunsDir/runs/897338721
 897338770         1    126417   897338770   897339781  0 /offline/RunsDir/runs/897338770
 897339873         1    211596   897339873   897340611  0 /offline/RunsDir/runs/897339873
 897340631         1    675978   897340631   897342510  0 /offline/RunsDir/runs/897340631
 897342531         1     71139   897342531   897343045  0 /offline/RunsDir/runs/897342531
 897343065         1    621784   897343065   897344410  0 /offline/RunsDir/runs/897343065
 897344430         1    411797   897344430   897346301  0 /offline/RunsDir/runs/897344430
 897346322         1    514322   897346322   897347339  0 /offline/RunsDir/runs/897346322
 897347359         1    105657   897347359   897348191  0 /offline/RunsDir/runs/897347359
 897348218         1    704010   897348218   897349626  0 /offline/RunsDir/runs/897348218
 897350118         1    274324   897350118   897351633  0 /offline/RunsDir/runs/897350118
 897351654         1    195437   897351654   897351990  0 /offline/RunsDir/runs/897351654
 897352010         1    574994   897352010   897353887  0 /offline/RunsDir/runs/897352010
 897353908         1    711996   897353908   897355791  0 /offline/RunsDir/runs/897353908
 897355812         1     11795   897355812   897355928  0 /offline/RunsDir/runs/897355812
 897355949         1     59128   897355949   897356400  0 /offline/RunsDir/runs/897355949
 897356499         1    469348   897356499   897357690  0 /offline/RunsDir/runs/897356499
 897357710         1    504109   897357710   897359580  0 /offline/RunsDir/runs/897357710
 897359601         1    185956   897359601   897360223  0 /offline/RunsDir/runs/897359601
 897360244         1    518781   897360244   897361483  0 /offline/RunsDir/runs/897360244
 897361505         1    638290   897361505   897363380  0 /offline/RunsDir/runs/897361505
 897363400         1    324075   897363400   897364422  0 /offline/RunsDir/runs/897363400
 897364539         1     84196   897364539   897365275  0 /offline/RunsDir/runs/897364539
 897365296         1    573035   897365296   897366607  0 /offline/RunsDir/runs/897365296
 897366699         1     81809   897366699   897367194  0 /offline/RunsDir/runs/897366699
 897367214         1    593192   897367214   897368813  0 /offline/RunsDir/runs/897367214
 897368834         1    142910   897368834   897369083  0 /offline/RunsDir/runs/897368834
 897369105         1     58708   897369105   897369224  0 /offline/RunsDir/runs/897369105
 897369577         1    159848   897369577   897370979  0 /offline/RunsDir/runs/897369577
 897371000         1    260093   897371000   897371686  0 /offline/RunsDir/runs/897371000
 897371726         1     25301   897371726   897371780  0 /offline/RunsDir/runs/897371726
 897371807         1    225606   897371807   897372877  0 /offline/RunsDir/runs/897371807
 897372899         1    749840   897372899   897374774  0 /offline/RunsDir/runs/897372899
 897374794         1    175599   897374794   897375981  0 /offline/RunsDir/runs/897374794
 897376021         1    117113   897376021   897376327  0 /offline/RunsDir/runs/897376021
 897376356         1     64258   897376356   897376672  0 /offline/RunsDir/runs/897376356
 897376692         1    240911   897376692   897377399  0 /offline/RunsDir/runs/897376692
 897378623         1    406273   897378623   897380079  0 /offline/RunsDir/runs/897378623
 897382110         1     71221   897382110   897382354  0 /offline/RunsDir/runs/897382110
 897382375         1    341743   897382375   897384237  0 /offline/RunsDir/runs/897382375
 897384278         1    470824   897384278   897386141  0 /offline/RunsDir/runs/897384278
 897386162         1    328821   897386162   897388037  0 /offline/RunsDir/runs/897386162
 897388078         1    105334   897388078   897388531  0 /offline/RunsDir/runs/897388078
 897388552         1     52545   897388552   897388981  0 /offline/RunsDir/runs/897388552
 897389077         1    112265   897389077   897389945  0 /offline/RunsDir/runs/897389077
 897389966         1    269738   897389966   897391130  0 /offline/RunsDir/runs/897389966
 897391158         1    174086   897391158   897391846  0 /offline/RunsDir/runs/897391158
 897391866         1    111701   897391866   897392821  0 /offline/RunsDir/runs/897391866
 897393351         1    120503   897393351   897393700  0 /offline/RunsDir/runs/897393351
 897393721         1    233874   897393721   897395474  0 /offline/RunsDir/runs/897393721
 897395707         1    462123   897395707   897397499  0 /offline/RunsDir/runs/897395707
 897397519         1     12180   897397519   897397618  0 /offline/RunsDir/runs/897397519
 897397715         1     17090   897397715   897397833  0 /offline/RunsDir/runs/897397715
 897397853         1    358152   897397853   897399365  0 /offline/RunsDir/runs/897397853
 897399386         1    249349   897399386   897401219  0 /offline/RunsDir/runs/897399386
 897401239         1    200934   897401239   897401816  0 /offline/RunsDir/runs/897401239
 897401856         1     58961   897401856   897402125  0 /offline/RunsDir/runs/897401856
 897402269         1    253874   897402269   897403068  0 /offline/RunsDir/runs/897402269
 897403088         1    125007   897403088   897404039  0 /offline/RunsDir/runs/897403088
 897404060         1    108110   897404060   897404396  0 /offline/RunsDir/runs/897404060
 897404416         1    137102   897404416   897404793  0 /offline/RunsDir/runs/897404416
 897404821         1     23995   897404821   897404921  0 /offline/RunsDir/runs/897404821
 897404942         1    243525   897404942   897406695  0 /offline/RunsDir/runs/897404942
 897406722         1     15665   897406722   897406762  0 /offline/RunsDir/runs/897406722
 897406783         1     88288   897406783   897406974  0 /offline/RunsDir/runs/897406783
 897407002         1     46889   897407002   897407096  0 /offline/RunsDir/runs/897407002
 897407124         1    361047   897407124   897408354  0 /offline/RunsDir/runs/897407124
 897408374         1     56707   897408374   897408615  0 /offline/RunsDir/runs/897408374
 897408636         1      5597   897408636   897408691  0 /offline/RunsDir/runs/897408636
 897408711         1    271396   897408711   897410002  0 /offline/RunsDir/runs/897408711
 897410030         1    121866   897410030   897410384  0 /offline/RunsDir/runs/897410030
 897410412         1      9292   897410412   897410453  0 /offline/RunsDir/runs/897410412
 897410474         1    133233   897410474   897411644  0 /offline/RunsDir/runs/897410474
 897411666         1    139607   897411666   897411859  0 /offline/RunsDir/runs/897411666
 897412255         1     22935   897412255   897412299  0 /offline/RunsDir/runs/897412255
 897412320         1     42488   897412320   897412397  0 /offline/RunsDir/runs/897412320
 897412418         1     24344   897412418   897412462  0 /offline/RunsDir/runs/897412418
 897412491         1     23261   897412491   897412533  0 /offline/RunsDir/runs/897412491
 897412554         1     18961   897412554   897412589  0 /offline/RunsDir/runs/897412554
 897412609         1     53937   897412609   897412707  0 /offline/RunsDir/runs/897412609
 897412729         1     30417   897412729   897412784  0 /offline/RunsDir/runs/897412729
 897412812         1     40760   897412812   897412892  0 /offline/RunsDir/runs/897412812
 897412949         1      8780   897412949   897412969  0 /offline/RunsDir/runs/897412949
 897423039         1    194243   897423039   897423087  0 /offline/RunsDir/runs/897423039
 897423833         1    263579   897423833   897424305  0 /offline/RunsDir/runs/897423833
 897424325         1    215834   897424325   897425547  0 /offline/RunsDir/runs/897424325
 897425567         1    105393   897425567   897425959  0 /offline/RunsDir/runs/897425567
 897425979         1     58227   897425979   897426086  0 /offline/RunsDir/runs/897425979
 897426107         1     52014   897426107   897426198  0 /offline/RunsDir/runs/897426107
 897426219         1    521117   897426219   897428100  0 /offline/RunsDir/runs/897426219
 897428121         1    807514   897428121   897429996  0 /offline/RunsDir/runs/897428121
 897430017         1     40865   897430017   897430253  0 /offline/RunsDir/runs/897430017
 897430274         1    375968   897430274   897431890  0 /offline/RunsDir/runs/897430274
 897431911         1    496653   897431911   897433782  0 /offline/RunsDir/runs/897431911
 897433803         1    273842   897433803   897434548  0 /offline/RunsDir/runs/897433803
 897434569         1    548520   897434569   897435688  0 /offline/RunsDir/runs/897434569
 897435709         1    442964   897435709   897437582  0 /offline/RunsDir/runs/897435709
 897437603         1    379318   897437603   897438844  0 /offline/RunsDir/runs/897437603
 897438864         1     93186   897438864   897439474  0 /offline/RunsDir/runs/897438864
 897439495         1    208101   897439495   897440020  0 /offline/RunsDir/runs/897439495
 897440042         1    615597   897440042   897441370  0 /offline/RunsDir/runs/897440042
 897441391         1    375474   897441391   897443100  0 /offline/RunsDir/runs/897441391
 897443353         1    258388   897443353   897443998  0 /offline/RunsDir/runs/897443353
 897444036         1     37223   897444036   897444359  0 /offline/RunsDir/runs/897444036
 897444396         1     76639   897444396   897444899  0 /offline/RunsDir/runs/897444396
 897444995         1     41898   897444995   897445116  0 /offline/RunsDir/runs/897444995
 897445137         1    134017   897445137   897445477  0 /offline/RunsDir/runs/897445137
 897445679         1    569926   897445679   897446984  0 /offline/RunsDir/runs/897445679
 897447004         1     84555   897447004   897447800  0 /offline/RunsDir/runs/897447004
 897448038         1    318108   897448038   897448827  0 /offline/RunsDir/runs/897448038
 897448848         1    412501   897448848   897450165  0 /offline/RunsDir/runs/897448848
 897450185         1    170623   897450185   897450681  0 /offline/RunsDir/runs/897450185
 897450702         1    784303   897450702   897452527  0 /offline/RunsDir/runs/897450702
 897452548         1     63130   897452548   897453141  0 /offline/RunsDir/runs/897452548
 897453162         1    313557   897453162   897454379  0 /offline/RunsDir/runs/897453162
 897454400         1     15840   897454400   897454431  0 /offline/RunsDir/runs/897454400
 897454862         1     30664   897454862   897454978  0 /offline/RunsDir/runs/897454862
 897454999         1    271230   897454999   897456223  0 /offline/RunsDir/runs/897454999
 897456244         1    323770   897456244   897456988  0 /offline/RunsDir/runs/897456244
 897457018         1     34435   897457018   897457084  0 /offline/RunsDir/runs/897457018
 897457104         1     62926   897457104   897457216  0 /offline/RunsDir/runs/897457104
 897457237         1    369036   897457237   897459061  0 /offline/RunsDir/runs/897457237
 897459082         1    445354   897459082   897460899  0 /offline/RunsDir/runs/897459082
 897460919         1     43957   897460919   897461283  0 /offline/RunsDir/runs/897460919
 897461304         1    600338   897461304   897462749  0 /offline/RunsDir/runs/897461304
 897462770         1    200283   897462770   897463319  0 /offline/RunsDir/runs/897462770
 897463416         1    128386   897463416   897464601  0 /offline/RunsDir/runs/897463416
 897464630         1    251002   897464630   897465578  0 /offline/RunsDir/runs/897464630
 897465599         1    124300   897465599   897466445  0 /offline/RunsDir/runs/897465599
 897466466         1    431233   897466466   897468288  0 /offline/RunsDir/runs/897466466
 897468330         1    293342   897468330   897469874  0 /offline/RunsDir/runs/897468330
 897469902         1     25389   897469902   897470132  0 /offline/RunsDir/runs/897469902
 897470153         1    365508   897470153   897471974  0 /offline/RunsDir/runs/897470153
 897472016         1    390513   897472016   897473817  0 /offline/RunsDir/runs/897472016
 897473838         1    147547   897473838   897474167  0 /offline/RunsDir/runs/897473838
 897474189         1     21157   897474189   897474240  0 /offline/RunsDir/runs/897474189
 897474268         1    180280   897474268   897475660  0 /offline/RunsDir/runs/897474268
 897475681         1    334502   897475681   897477174  0 /offline/RunsDir/runs/897475681
 897480917         1    114717   897480917   897481369  0 /offline/RunsDir/runs/897480917
 897481540         1    288054   897481540   897483037  0 /offline/RunsDir/runs/897481540
 897483195         1     24540   897483195   897483422  0 /offline/RunsDir/runs/897483195
 897483456         1    511964   897483456   897485322  0 /offline/RunsDir/runs/897483456
 897485342         1    148977   897485342   897485879  0 /offline/RunsDir/runs/897485342
 897485976         1    237242   897485976   897487234  0 /offline/RunsDir/runs/897485976
 897487255         1    288616   897487255   897489113  0 /offline/RunsDir/runs/897487255
 897489134         1    152073   897489134   897489616  0 /offline/RunsDir/runs/897489134
 897489637         1    433356   897489637   897490971  0 /offline/RunsDir/runs/897489637
 897490992         1    411386   897490992   897492837  0 /offline/RunsDir/runs/897490992
 897492858         1    174271   897492858   897493912  0 /offline/RunsDir/runs/897492858
 897493932         1    102295   897493932   897494697  0 /offline/RunsDir/runs/897493932
 897494718         1    635600   897494718   897496545  0 /offline/RunsDir/runs/897494718
 897496565         1     78465   897496565   897497284  0 /offline/RunsDir/runs/897496565
 897497377         1    220493   897497377   897498206  0 /offline/RunsDir/runs/897497377
 897498227         1     71548   897498227   897498408  0 /offline/RunsDir/runs/897498227
 897498429         1    284430   897498429   897500269  0 /offline/RunsDir/runs/897498429
 897500290         1    261020   897500290   897500801  0 /offline/RunsDir/runs/897500290
 897500829         1    418448   897500829   897502135  0 /offline/RunsDir/runs/897500829
 897502156         1     40789   897502156   897502502  0 /offline/RunsDir/runs/897502156
 897502522         1     17792   897502522   897502680  0 /offline/RunsDir/runs/897502522
 897502701         1    319982   897502701   897503651  0 /offline/RunsDir/runs/897502701
 897506611         1    380399   897506611   897507689  0 /offline/RunsDir/runs/897506611
 897507998         1    165691   897507998   897508734  0 /offline/RunsDir/runs/897507998
 897509059         1    341112   897509059   897509874  0 /offline/RunsDir/runs/897509059
 897509895         1    173561   897509895   897511184  0 /offline/RunsDir/runs/897509895
 897511595         1     93248   897511595   897511765  0 /offline/RunsDir/runs/897511595
 897511794         1    611164   897511794   897513669  0 /offline/RunsDir/runs/897511794
 897513690         1      2849   897513690   897513716  0 /offline/RunsDir/runs/897513690
 897513898         1     19874   897513898   897514019  0 /offline/RunsDir/runs/897513898
 897514126         1    246483   897514126   897514627  0 /offline/RunsDir/runs/897514126
 897514648         1    355843   897514648   897515541  0 /offline/RunsDir/runs/897514648
 897515562         1     54151   897515562   897516024  0 /offline/RunsDir/runs/897515562
 897516045         1    418667   897516045   897517396  0 /offline/RunsDir/runs/897516045
 897517417         1    586438   897517417   897519259  0 /offline/RunsDir/runs/897517417
 897519279         1    304339   897519279   897520210  0 /offline/RunsDir/runs/897519279
 897520638         1    143419   897520638   897521119  0 /offline/RunsDir/runs/897520638
 897521140         1    306541   897521140   897522627  0 /offline/RunsDir/runs/897521140
 897522654         1     60795   897522654   897522763  0 /offline/RunsDir/runs/897522654
 897522785         1    106800   897522785   897522979  0 /offline/RunsDir/runs/897522785
 897523001         1    581575   897523001   897524858  0 /offline/RunsDir/runs/897523001
 897524878         1    178920   897524878   897525588  0 /offline/RunsDir/runs/897524878
 897525617         1     50232   897525617   897525708  0 /offline/RunsDir/runs/897525617
 897528981         1    408459   897528981   897530756  0 /offline/RunsDir/runs/897528981
 897530776         1     93911   897530776   897531106  0 /offline/RunsDir/runs/897530776
 897531127         1    477316   897531127   897532018  0 /offline/RunsDir/runs/897531127
 897532124         1     87773   897532124   897532671  0 /offline/RunsDir/runs/897532124
 897532691         1    870429   897532691   897534570  0 /offline/RunsDir/runs/897532691
 897534591         1    143208   897534591   897534854  0 /offline/RunsDir/runs/897534591
 897535897         1     68301   897535897   897536464  0 /offline/RunsDir/runs/897535897
 897536485         1    618832   897536485   897538023  0 /offline/RunsDir/runs/897536485
 897538044         1     38971   897538044   897538363  0 /offline/RunsDir/runs/897538044
 897538383         1    815576   897538383   897540260  0 /offline/RunsDir/runs/897538383
 897540281         1    316689   897540281   897542160  0 /offline/RunsDir/runs/897540281
 897542180         1     45136   897542180   897542318  0 /offline/RunsDir/runs/897542180
 897542339         1    315502   897542339   897543180  0 /offline/RunsDir/runs/897542339
 897543276         1    105029   897543276   897544052  0 /offline/RunsDir/runs/897543276
 897544072         1    850918   897544072   897545951  0 /offline/RunsDir/runs/897544072
 897545972         1     23616   897545972   897546058  0 /offline/RunsDir/runs/897545972
 897546996         1    151643   897546996   897547847  0 /offline/RunsDir/runs/897546996
 897547868         1    287530   897547868   897549122  0 /offline/RunsDir/runs/897547868
 897549143         1     74547   897549143   897549745  0 /offline/RunsDir/runs/897549143
 897549766         1    696604   897549766   897551643  0 /offline/RunsDir/runs/897549766
 897551664         1    288997   897551664   897553417  0 /offline/RunsDir/runs/897551664
 897553438         1     31309   897553438   897553536  0 /offline/RunsDir/runs/897553438
 897553557         1    291618   897553557   897555431  0 /offline/RunsDir/runs/897553557
 897555452         1    646647   897555452   897557324  0 /offline/RunsDir/runs/897555452
 897557344         1     52450   897557344   897557713  0 /offline/RunsDir/runs/897557344
 897557733         1    315657   897557733   897559222  0 /offline/RunsDir/runs/897557733
 897559243         1    270329   897559243   897561118  0 /offline/RunsDir/runs/897559243
 897561138         1    280636   897561138   897562007  0 /offline/RunsDir/runs/897561138
 897562028         1    291533   897562028   897563015  0 /offline/RunsDir/runs/897562028
 897563035         1    406323   897563035   897564918  0 /offline/RunsDir/runs/897563035
 897564939         1    160926   897564939   897566301  0 /offline/RunsDir/runs/897564939
 897566323         1     14650   897566323   897566400  0 /offline/RunsDir/runs/897566323
 897566500         1    103334   897566500   897566819  0 /offline/RunsDir/runs/897566500
 897566840         1    568410   897566840   897568719  0 /offline/RunsDir/runs/897566840
 897568740         1    416637   897568740   897570597  0 /offline/RunsDir/runs/897568740
 897570639         1    416453   897570639   897572505  0 /offline/RunsDir/runs/897570639
 897572525         1    569360   897572525   897574408  0 /offline/RunsDir/runs/897572525
 897574429         1     51651   897574429   897574891  0 /offline/RunsDir/runs/897574429
 897574913         1     25031   897574913   897575041  0 /offline/RunsDir/runs/897574913
 897575062         1    341687   897575062   897576304  0 /offline/RunsDir/runs/897575062
 897576325         1    517182   897576325   897578199  0 /offline/RunsDir/runs/897576325
 897578243         1    269224   897578243   897579187  0 /offline/RunsDir/runs/897578243
 897579208         1    162938   897579208   897580082  0 /offline/RunsDir/runs/897579208
 897580103         1    273682   897580103   897581104  0 /offline/RunsDir/runs/897580103
 897581124         1    291313   897581124   897583000  0 /offline/RunsDir/runs/897581124
 897583021         1    218557   897583021   897583482  0 /offline/RunsDir/runs/897583021
 897583503         1    479963   897583503   897584908  0 /offline/RunsDir/runs/897583503
 897584929         1     44362   897584929   897585301  0 /offline/RunsDir/runs/897584929
 897585398         1    461302   897585398   897586815  0 /offline/RunsDir/runs/897585398
 897586835         1    132336   897586835   897587777  0 /offline/RunsDir/runs/897586835
 897587798         1    233559   897587798   897588718  0 /offline/RunsDir/runs/897587798
 897588739         1    692951   897588739   897590618  0 /offline/RunsDir/runs/897588739
 897590639         1     79606   897590639   897591120  0 /offline/RunsDir/runs/897590639
 897591141         1    465407   897591141   897592071  0 /offline/RunsDir/runs/897591141
 897592093         1    185630   897592093   897592517  0 /offline/RunsDir/runs/897592093
 897592537         1    429437   897592537   897594414  0 /offline/RunsDir/runs/897592537
 897594435         1    637201   897594435   897596308  0 /offline/RunsDir/runs/897594435
 897596329         1      4275   897596329   897596367  0 /offline/RunsDir/runs/897596329
 897596388         1    669530   897596388   897598211  0 /offline/RunsDir/runs/897596388
 897598231         1     65685   897598231   897598807  0 /offline/RunsDir/runs/897598231
 897598907         1    416266   897598907   897600116  0 /offline/RunsDir/runs/897598907
 897600136         1    280837   897600136   897600661  0 /offline/RunsDir/runs/897600136
 897600683         1    285127   897600683   897602011  0 /offline/RunsDir/runs/897600683
 897602031         1    682072   897602031   897603902  0 /offline/RunsDir/runs/897602031
 897603923         1    161308   897603923   897604956  0 /offline/RunsDir/runs/897603923
 897604986         1    405497   897604986   897605805  0 /offline/RunsDir/runs/897604986
 897605825         1    520560   897605825   897607698  0 /offline/RunsDir/runs/897605825
 897607719         1    653131   897607719   897609251  0 /offline/RunsDir/runs/897607719
 897609273         1     12983   897609273   897609366  0 /offline/RunsDir/runs/897609273
 897609614         1    492508   897609614   897610818  0 /offline/RunsDir/runs/897609614
 897611177         1    153976   897611177   897611455  0 /offline/RunsDir/runs/897611177
 897612211         1    139172   897612211   897613337  0 /offline/RunsDir/runs/897612211
 897613358         1    351938   897613358   897614192  0 /offline/RunsDir/runs/897613358
 897614523         1    163198   897614523   897615211  0 /offline/RunsDir/runs/897614523
 897615232         1      8789   897615232   897615298  0 /offline/RunsDir/runs/897615232
 897615404         1    387315   897615404   897616436  0 /offline/RunsDir/runs/897615404
 897616806         1    151870   897616806   897617079  0 /offline/RunsDir/runs/897616806
 897617100         1      5242   897617100   897617109  0 /offline/RunsDir/runs/897617100
 897617652         1    162273   897617652   897618950  0 /offline/RunsDir/runs/897617652
 897618971         1    379209   897618971   897619769  0 /offline/RunsDir/runs/897618971
 897619790         1    349227   897619790   897620843  0 /offline/RunsDir/runs/897619790
 897620864         1    777186   897620864   897622741  0 /offline/RunsDir/runs/897620864
 897622762         1    259616   897622762   897624064  0 /offline/RunsDir/runs/897622762
 897624085         1     81633   897624085   897624639  0 /offline/RunsDir/runs/897624085
 897624660         1    462793   897624660   897625676  0 /offline/RunsDir/runs/897624660
 897625703         1    158680   897625703   897626542  0 /offline/RunsDir/runs/897625703
 897626563         1    447952   897626563   897627778  0 /offline/RunsDir/runs/897626563
 897627800         1    284022   897627800   897628360  0 /offline/RunsDir/runs/897627800
 897628381         1     21051   897628381   897628435  0 /offline/RunsDir/runs/897628381
 897628456         1    302198   897628456   897630331  0 /offline/RunsDir/runs/897628456
 897630351         1    485720   897630351   897632228  0 /offline/RunsDir/runs/897630351
 897632248         1     60379   897632248   897632654  0 /offline/RunsDir/runs/897632248
 897632675         1    260625   897632675   897633424  0 /offline/RunsDir/runs/897632675
 897633453         1    279402   897633453   897634127  0 /offline/RunsDir/runs/897633453
 897634149         1     58016   897634149   897634561  0 /offline/RunsDir/runs/897634149
 897634656         1    256190   897634656   897636027  0 /offline/RunsDir/runs/897634656
 897636057         1    236539   897636057   897636950  0 /offline/RunsDir/runs/897636057
 897636971         1    130556   897636971   897637920  0 /offline/RunsDir/runs/897636971
 897637941         1    525652   897637941   897639816  0 /offline/RunsDir/runs/897637941
 897639836         1    204841   897639836   897641244  0 /offline/RunsDir/runs/897639836
 897641265         1     78657   897641265   897641487  0 /offline/RunsDir/runs/897641265
 897641509         1     70797   897641509   897641710  0 /offline/RunsDir/runs/897641509
 897641731         1    303463   897641731   897643607  0 /offline/RunsDir/runs/897641731
 897643628         1    356165   897643628   897644943  0 /offline/RunsDir/runs/897643628
 897644964         1     68489   897644964   897645239  0 /offline/RunsDir/runs/897644964
 897645266         1     33870   897645266   897645508  0 /offline/RunsDir/runs/897645266
 897645560         1    296261   897645560   897647044  0 /offline/RunsDir/runs/897645560
 897647072         1     30280   897647072   897647152  0 /offline/RunsDir/runs/897647072
 897647173         1      4284   897647173   897647185  0 /offline/RunsDir/runs/897647173
 897647213         1     50506   897647213   897647401  0 /offline/RunsDir/runs/897647213
 897647421         1    283991   897647421   897649298  0 /offline/RunsDir/runs/897647421
 897649318         1    144032   897649318   897649832  0 /offline/RunsDir/runs/897649318
 897649855         1    111184   897649855   897650257  0 /offline/RunsDir/runs/897649855
 897650278         1    138688   897650278   897650717  0 /offline/RunsDir/runs/897650278
 897650738         1     64784   897650738   897651189  0 /offline/RunsDir/runs/897650738
 897651210         1    227879   897651210   897652387  0 /offline/RunsDir/runs/897651210
 897652408         1      6722   897652408   897652425  0 /offline/RunsDir/runs/897652408
 897652445         1      5788   897652445   897652459  0 /offline/RunsDir/runs/897652445
 897652480         1     18091   897652480   897652523  0 /offline/RunsDir/runs/897652480
 897652551         1     11102   897652551   897652578  0 /offline/RunsDir/runs/897652551
 897652606         1     14669   897652606   897652643  0 /offline/RunsDir/runs/897652606
 897652671         1     10407   897652671   897652699  0 /offline/RunsDir/runs/897652671
 897652727         1      7835   897652727   897652749  0 /offline/RunsDir/runs/897652727
 897652777         1      5091   897652777   897652793  0 /offline/RunsDir/runs/897652777
 897652814         1      9918   897652814   897652847  0 /offline/RunsDir/runs/897652814
 897652898         1     42728   897652898   897653108  0 /offline/RunsDir/runs/897652898
 897653129         1     47932   897653129   897653520  0 /offline/RunsDir/runs/897653129
 897653616         1     94467   897653616   897654389  0 /offline/RunsDir/runs/897653616
