   0
   1
   2
  21
  29
  38
  43
  55
  83
  92
  96
 102
 119
 133
 141
 142
 171
 190
 195
 196
 228
 237
 250
 254
 262
 265
 266
 276
 294
 300
 309
 316
 346
 365
 371
 390
 425
 436
 455
 462
 466
 468
 504
 506
 516
 518
 565
 568
 582
 588
 591
 595
 601
 620
 625
 639
 640
 641
 657
 660
 669
 672
 678
 684
 685
 687
 704
 711
 750
 752
 757
 759
 762
 763
 768
 769
 774
 789
 797
 803
 817
 822
 824
 831
 832
 833
 834
 839
 848
 873
 885
 894
 895
 896
 919
 951
 957
 959
 960
 961
 962
 963
 965
 978
 988
 999
1002
1004
1012
1021
1023
