   0
   1
   9
  11
  12
  14
  20
  27
  31
  34
  35
  37
  39
  44
  46
  47
  48
  52
  53
  57
  68
  71
  73
  83
  89
  93
 109
 110
 113
 119
 121
 124
 125
 126
 129
 132
 133
 135
 140
 141
 147
 151
 152
 157
 158
 159
 164
 169
 171
 174
 176
 189
 191
 193
 196
 200
 215
 223
 225
 228
 233
 235
 244
 246
 248
 257
 261
 262
 263
 281
 291
 294
 295
 301
 308
 309
 317
 319
 321
 322
 337
 342
 347
 357
 358
 359
 364
 366
 372
 373
 378
 380
 381
 384
 390
 391
 394
 396
 399
 407
 414
 426
 428
 429
 431
 433
 435
 436
 437
 439
 440
 441
 444
 445
 446
 448
 449
 452
 453
 454
 455
 457
 458
 459
 460
 461
 462
 465
 467
 470
 471
 472
 478
 480
 481
 483
 487
 488
 490
 491
 492
 493
 497
 499
 500
 504
 506
 507
 510
 520
 522
 524
 527
 530
 531
 535
 536
 537
 540
 543
 548
 550
 551
 556
 559
 560
 565
 567
 568
 570
 576
 582
 583
 585
 586
 587
 588
 590
 592
 596
 597
 603
 605
 606
 607
 612
 617
 624
 628
 630
 634
 637
 638
 639
 640
 660
 662
 666
 670
 672
 673
 675
 678
 684
 685
 687
 688
 692
 693
 694
 696
 697
 698
 704
 708
 709
 712
 715
 717
 722
 730
 737
 743
 744
 745
 746
 750
 751
 753
 756
 758
 761
 767
 768
 769
 770
 774
 779
 786
 788
 797
 798
 802
 803
 818
 821
 822
 824
 828
 829
 830
 831
 832
 833
 834
 837
 842
 844
 853
 855
 857
 863
 868
 869
 870
 873
 875
 877
 879
 880
 881
 882
 884
 886
 887
 888
 889
 890
 891
 892
 893
 894
 895
 896
 898
 900
 902
 910
 913
 914
 921
 923
 925
 929
 932
 933
 936
 937
 941
 951
 952
 955
 957
 959
 960
 963
 968
 971
 973
 976
 977
 983
 989
 990
 992
 994
 996
 997
 998
1006
1009
1011
1013
1017
1019
1022
1023
