   0
  29
  71
  77
  81
  94
 103
 124
 125
 127
 128
 132
 138
 140
 166
 175
 191
 208
 231
 235
 256
 298
 310
 318
 319
 320
 350
 351
 354
 356
 384
 408
 443
 453
 500
 511
 513
 521
 539
 543
 556
 568
 579
 584
 589
 637
 638
 639
 640
 641
 642
 643
 644
 645
 646
 647
 648
 649
 652
 653
 654
 655
 656
 658
 659
 660
 661
 662
 663
 665
 667
 670
 671
 677
 679
 680
 681
 683
 684
 685
 686
 687
 688
 690
 691
 692
 693
 694
 695
 696
 697
 698
 699
 700
 701
 702
 703
 704
 706
 708
 710
 718
 751
 759
 765
 768
 769
 774
 831
 832
 890
 896
 926
 927
 932
 954
 957
 958
 959
 960
1007
1019
1020
1023
