   0
   2
  37
  38
  40
  41
  43
  44
  45
  46
  47
  48
  49
  52
  55
  57
  58
  59
  60
  61
  62
  87
  96
 101
 116
 117
 134
 135
 150
 164
 165
 171
 181
 186
 192
 214
 262
 264
 309
 320
 327
 335
 340
 342
 345
 367
 378
 383
 384
 386
 387
 388
 389
 390
 391
 393
 394
 395
 398
 404
 405
 420
 423
 425
 430
 431
 448
 449
 450
 459
 462
 463
 464
 486
 496
 511
 512
 521
 524
 525
 526
 530
 570
 576
 579
 586
 587
 588
 589
 593
 605
 607
 617
 637
 639
 657
 678
 687
 700
 701
 703
 725
 726
 740
 748
 773
 778
 779
 783
 807
 809
 815
 849
 898
 903
 911
 918
 919
 926
 935
 955
 960
 965
 974
 992
 997
1002
1007
1013
1023
