   0
   6
   8
  22
  23
  38
  54
  64
  77
  87
  90
  91
  98
 109
 118
 129
 134
 143
 144
 148
 152
 153
 169
 186
 195
 196
 200
 203
 209
 210
 212
 237
 239
 241
 256
 262
 275
 282
 285
 286
 288
 290
 304
 311
 314
 316
 334
 341
 346
 349
 364
 365
 379
 385
 393
 395
 397
 403
 412
 436
 437
 444
 447
 450
 453
 487
 492
 495
 506
 525
 533
 536
 551
 565
 568
 593
 597
 598
 608
 615
 616
 620
 621
 623
 639
 640
 642
 668
 670
 673
 675
 685
 686
 688
 689
 693
 695
 698
 699
 701
 702
 703
 704
 709
 725
 728
 729
 730
 732
 739
 740
 746
 751
 755
 756
 757
 758
 759
 761
 763
 765
 766
 767
 774
 775
 796
 797
 798
 804
 805
 806
 816
 821
 831
 832
 838
 845
 852
 854
 871
 874
 876
 879
 882
 885
 886
 887
 889
 893
 894
 910
 924
 926
 936
 938
 940
 948
 965
 982
 987
1001
1009
1011
1013
1017
1019
1023
