   0
   1
   2
  21
  23
  29
  36
  38
  43
  44
  55
  60
  61
  74
  77
  83
  85
  88
  92
  96
 102
 103
 105
 109
 111
 119
 126
 127
 132
 133
 134
 135
 141
 142
 143
 154
 158
 159
 169
 171
 176
 177
 190
 191
 192
 195
 196
 202
 204
 207
 224
 225
 228
 230
 237
 241
 243
 245
 250
 254
 256
 258
 262
 265
 266
 269
 270
 273
 276
 287
 291
 292
 294
 295
 299
 300
 304
 306
 307
 309
 310
 314
 315
 316
 317
 318
 319
 346
 347
 348
 349
 358
 365
 371
 373
 374
 377
 382
 384
 390
 396
 400
 402
 406
 419
 420
 424
 425
 429
 436
 442
 446
 455
 457
 462
 466
 468
 469
 476
 477
 479
 481
 491
 495
 498
 504
 506
 508
 509
 516
 518
 524
 526
 531
 536
 540
 546
 562
 565
 568
 582
 588
 591
 595
 601
 603
 612
 614
 620
 623
 625
 630
 637
 639
 640
 641
 642
 652
 657
 659
 660
 669
 672
 673
 677
 678
 684
 685
 687
 703
 704
 707
 711
 749
 750
 751
 752
 755
 756
 757
 759
 762
 763
 766
 767
 768
 769
 770
 774
 782
 789
 791
 792
 795
 797
 801
 803
 806
 808
 809
 814
 817
 818
 822
 823
 824
 827
 828
 829
 831
 832
 833
 834
 839
 842
 848
 850
 859
 863
 869
 870
 872
 873
 874
 875
 876
 881
 885
 892
 894
 895
 896
 900
 912
 919
 924
 929
 930
 932
 934
 937
 938
 940
 941
 942
 946
 949
 950
 951
 955
 957
 959
 960
 961
 962
 963
 964
 965
 967
 972
 976
 978
 988
 989
 999
1002
1004
1009
1010
1012
1014
1015
1016
1018
1021
1023
