   0
   1
   2
   6
   9
  12
  18
  20
  22
  24
  28
  32
  33
  35
  43
  46
  61
  63
  64
  65
  66
  68
  69
  71
  77
  80
  94
 101
 109
 110
 126
 128
 129
 130
 131
 138
 139
 144
 148
 150
 159
 181
 192
 193
 194
 195
 200
 201
 202
 206
 207
 221
 223
 225
 239
 241
 253
 254
 255
 256
 259
 261
 264
 271
 279
 286
 305
 316
 318
 358
 360
 375
 378
 382
 383
 384
 385
 398
 403
 411
 440
 445
 447
 448
 449
 450
 451
 452
 453
 454
 456
 457
 459
 460
 463
 464
 473
 499
 505
 506
 509
 510
 511
 512
 513
 514
 515
 516
 517
 518
 520
 521
 522
 523
 524
 525
 527
 532
 558
 559
 560
 567
 570
 572
 573
 575
 576
 591
 592
 593
 594
 596
 603
 605
 610
 613
 620
 622
 632
 636
 638
 639
 640
 641
 642
 643
 651
 660
 665
 668
 671
 677
 680
 682
 683
 685
 687
 688
 694
 697
 698
 699
 703
 713
 720
 725
 730
 741
 756
 758
 767
 781
 796
 807
 819
 826
 830
 831
 832
 836
 853
 854
 856
 862
 870
 872
 889
 891
 902
 905
 909
 920
 935
 940
 945
 948
 956
 961
 963
 974
 995
 998
1009
1023
