   0
   1
   2
   3
   6
   7
   8
   9
  10
  14
  15
  16
  17
  18
  19
  20
  21
  22
  23
  25
  26
  33
  36
  39
  41
  42
  44
  47
  48
  50
  52
  53
  54
  55
  56
  57
  58
  59
  60
  61
  62
  63
  64
  65
  66
  68
  69
  70
  71
  72
  73
  78
  81
  83
  84
  86
  89
  90
  95
  99
 103
 104
 106
 107
 108
 110
 111
 114
 115
 116
 117
 118
 119
 120
 123
 124
 126
 127
 128
 129
 130
 131
 132
 133
 134
 136
 137
 139
 140
 141
 142
 149
 151
 158
 160
 163
 165
 172
 173
 175
 176
 178
 180
 181
 183
 185
 189
 190
 191
 192
 193
 194
 195
 196
 197
 198
 199
 200
 201
 202
 203
 205
 207
 208
 209
 212
 213
 217
 219
 221
 227
 231
 233
 234
 237
 239
 242
 244
 247
 248
 252
 254
 255
 256
 257
 258
 261
 262
 263
 264
 269
 270
 272
 274
 279
 284
 285
 287
 289
 292
 301
 304
 307
 312
 313
 314
 315
 316
 317
 318
 319
 320
 321
 329
 339
 341
 342
 343
 346
 350
 353
 365
 366
 367
 368
 370
 375
 378
 379
 380
 381
 382
 383
 384
 385
 386
 388
 389
 390
 391
 392
 393
 394
 395
 397
 398
 399
 403
 404
 405
 407
 409
 415
 416
 421
 422
 423
 427
 429
 430
 431
 432
 434
 435
 436
 437
 438
 439
 440
 441
 442
 443
 444
 445
 446
 447
 448
 449
 450
 451
 452
 453
 455
 456
 459
 460
 461
 462
 463
 465
 466
 474
 487
 491
 492
 494
 495
 496
 500
 501
 503
 505
 506
 508
 509
 510
 511
 512
 513
 514
 515
 516
 518
 519
 520
 521
 522
 523
 524
 525
 527
 529
 530
 531
 532
 533
 534
 536
 539
 540
 541
 542
 545
 547
 548
 549
 550
 552
 554
 555
 557
 560
 564
 565
 571
 573
 575
 576
 577
 578
 579
 580
 582
 585
 588
 589
 593
 597
 599
 605
 606
 608
 611
 614
 617
 619
 621
 631
 633
 634
 636
 637
 638
 639
 640
 655
 658
 661
 663
 666
 668
 669
 670
 678
 679
 680
 684
 686
 690
 696
 699
 706
 718
 723
 746
 748
 749
 752
 758
 762
 763
 771
 787
 790
 792
 797
 805
 806
 809
 814
 823
 825
 827
 829
 830
 831
 832
 833
 835
 837
 843
 854
 863
 870
 877
 880
 883
 887
 891
 893
 894
 898
 900
 904
 908
 910
 916
 918
 925
 944
 954
 957
 963
 970
 971
 980
 987
 989
 990
 993
 999
1006
1009
1010
1012
1013
1014
1015
1016
1019
1023
