   0
   1
   2
   3
   4
   5
   6
   7
   8
   9
  10
  11
  13
  15
  16
  17
  20
  23
  25
  26
  29
  32
  33
  37
  47
  52
  53
  54
  56
  57
  58
  59
  60
  61
  62
  63
  64
  65
  66
  67
  68
  69
  70
  72
  74
  75
  76
  78
  80
  81
  82
  84
  85
  86
  88
  91
  92
  93
  97
  99
 100
 101
 102
 103
 104
 105
 106
 107
 108
 109
 110
 111
 113
 114
 115
 116
 120
 122
 123
 124
 126
 127
 128
 129
 130
 131
 132
 133
 134
 135
 136
 137
 140
 141
 158
 159
 162
 166
 167
 169
 170
 173
 174
 175
 176
 177
 178
 183
 191
 192
 193
 194
 195
 196
 197
 198
 200
 201
 202
 208
 209
 211
 221
 229
 232
 233
 235
 237
 247
 251
 253
 254
 255
 256
 257
 258
 259
 260
 261
 262
 263
 264
 265
 266
 267
 268
 269
 270
 271
 272
 273
 274
 275
 278
 280
 284
 285
 287
 290
 291
 292
 293
 295
 296
 297
 298
 299
 300
 301
 302
 303
 304
 305
 306
 307
 308
 309
 310
 311
 312
 313
 314
 315
 316
 317
 318
 319
 322
 323
 324
 325
 327
 328
 338
 342
 351
 358
 365
 368
 369
 372
 376
 377
 378
 381
 382
 383
 384
 385
 386
 387
 388
 389
 395
 396
 397
 400
 404
 411
 412
 414
 417
 418
 419
 420
 421
 426
 428
 430
 433
 436
 443
 445
 447
 448
 449
 450
 451
 452
 453
 454
 455
 456
 457
 458
 459
 460
 461
 462
 463
 464
 465
 466
 467
 469
 470
 471
 472
 474
 475
 476
 477
 479
 481
 482
 485
 487
 492
 496
 501
 502
 503
 504
 505
 507
 508
 509
 510
 511
 512
 513
 514
 515
 516
 517
 518
 519
 522
 525
 527
 528
 530
 531
 533
 534
 535
 536
 537
 542
 546
 547
 550
 551
 552
 563
 564
 566
 569
 570
 571
 574
 575
 576
 577
 578
 579
 580
 581
 582
 583
 584
 585
 586
 587
 588
 589
 590
 592
 593
 594
 595
 596
 597
 599
 603
 605
 606
 607
 608
 611
 612
 615
 620
 621
 624
 625
 628
 632
 633
 635
 636
 637
 638
 639
 660
 666
 670
 676
 682
 691
 694
 698
 700
 708
 710
 716
 719
 720
 727
 741
 744
 752
 756
 760
 766
 768
 769
 772
 773
 784
 789
 792
 798
 807
 809
 811
 815
 817
 820
 821
 831
 832
 835
 837
 842
 856
 859
 861
 863
 864
 874
 885
 886
 889
 890
 891
 894
 896
 903
 917
 918
 930
 931
 935
 942
 944
 952
 957
 959
 984
 986
 993
 994
 996
 998
1003
1005
1007
1011
1013
1015
1016
1023
