   0
   1
   2
   3
   4
   5
   6
   7
   8
   9
  10
  11
  12
  13
  14
  15
  16
  17
  28
  29
  30
  32
  33
  34
  35
  36
  37
  38
  39
  40
  41
  42
  43
  44
  45
  46
  47
  48
  49
  50
  51
  52
  53
  54
  55
  56
  57
  58
  59
  60
  61
  62
  63
  66
  68
  69
  70
  71
  72
  73
  74
  77
  78
  79
  93
  99
 102
 105
 106
 107
 108
 109
 110
 111
 112
 113
 114
 116
 117
 118
 119
 120
 121
 122
 123
 124
 125
 126
 127
 128
 129
 130
 131
 132
 133
 134
 135
 138
 139
 140
 142
 149
 154
 156
 157
 164
 166
 169
 170
 173
 174
 175
 180
 181
 182
 183
 184
 185
 186
 187
 188
 189
 190
 191
 192
 193
 194
 195
 196
 197
 198
 200
 201
 202
 203
 205
 207
 209
 214
 215
 220
 222
 225
 228
 229
 230
 231
 232
 234
 236
 237
 238
 239
 242
 243
 244
 246
 247
 248
 249
 250
 251
 252
 253
 254
 255
 256
 257
 258
 259
 261
 262
 267
 268
 269
 278
 279
 284
 285
 287
 290
 294
 296
 298
 300
 301
 302
 303
 304
 305
 307
 309
 313
 314
 316
 317
 318
 319
 320
 321
 322
 323
 324
 325
 326
 327
 328
 329
 330
 331
 332
 333
 334
 335
 336
 337
 338
 339
 340
 341
 342
 343
 344
 345
 347
 348
 349
 350
 352
 353
 354
 355
 358
 360
 361
 363
 364
 365
 366
 367
 368
 370
 372
 373
 374
 375
 376
 377
 378
 379
 380
 381
 382
 383
 384
 386
 389
 391
 393
 396
 402
 404
 405
 406
 407
 411
 414
 415
 416
 418
 420
 421
 422
 435
 442
 443
 447
 448
 449
 450
 453
 454
 455
 456
 458
 459
 460
 461
 463
 465
 471
 473
 474
 475
 479
 480
 481
 484
 485
 487
 492
 494
 495
 496
 497
 502
 503
 504
 505
 506
 508
 509
 510
 511
 512
 513
 514
 515
 517
 519
 520
 522
 527
 528
 533
 534
 542
 545
 546
 549
 550
 551
 552
 563
 566
 567
 568
 571
 572
 573
 575
 576
 577
 578
 579
 583
 588
 590
 596
 597
 599
 602
 604
 605
 606
 608
 617
 620
 621
 623
 627
 628
 629
 631
 632
 633
 634
 635
 636
 637
 638
 639
 646
 654
 656
 663
 671
 673
 685
 692
 694
 703
 710
 722
 742
 749
 751
 753
 754
 757
 758
 769
 778
 780
 789
 795
 803
 804
 812
 826
 830
 831
 848
 849
 857
 860
 865
 867
 869
 870
 871
 872
 877
 885
 890
 891
 892
 894
 896
 898
 934
 936
 937
 940
 944
 947
 949
 951
 953
 964
 965
 968
 973
 980
 981
 988
 998
 999
1000
1005
1021
