   0
   1
   2
   3
   4
   5
   6
  12
  13
  23
  26
  30
  37
  44
  47
  55
  56
  57
  58
  60
  64
  65
  66
  67
  68
  69
  70
  75
  76
  78
  79
  87
  88
  89
  94
  98
  99
 102
 103
 111
 116
 117
 128
 129
 130
 131
 132
 133
 135
 140
 141
 142
 143
 145
 150
 155
 164
 165
 167
 170
 179
 180
 181
 182
 185
 186
 188
 190
 191
 192
 193
 200
 207
 213
 220
 222
 224
 227
 229
 233
 234
 237
 243
 244
 245
 247
 253
 254
 255
 256
 257
 258
 259
 260
 261
 262
 267
 268
 276
 277
 283
 291
 292
 293
 294
 298
 299
 302
 304
 305
 307
 311
 313
 314
 315
 316
 317
 318
 319
 323
 324
 337
 344
 352
 355
 357
 358
 363
 373
 378
 379
 380
 381
 383
 384
 385
 386
 388
 392
 406
 409
 415
 422
 428
 429
 433
 437
 438
 447
 448
 449
 450
 451
 452
 454
 456
 457
 460
 463
 465
 477
 485
 489
 490
 492
 494
 495
 496
 500
 503
 504
 511
 512
 517
 518
 523
 529
 536
 540
 543
 550
 556
 557
 560
 561
 563
 566
 572
 573
 575
 576
 577
 578
 579
 580
 581
 582
 583
 585
 586
 588
 590
 592
 593
 594
 595
 597
 598
 600
 602
 604
 607
 608
 612
 614
 615
 620
 622
 624
 625
 626
 627
 628
 629
 630
 631
 632
 633
 634
 635
 636
 637
 638
 639
 640
 641
 661
 662
 667
 670
 672
 677
 683
 685
 687
 689
 692
 693
 694
 697
 700
 701
 702
 703
 709
 712
 715
 718
 732
 734
 735
 737
 738
 739
 740
 745
 758
 760
 762
 763
 764
 765
 766
 772
 793
 795
 798
 799
 801
 802
 808
 809
 812
 821
 826
 827
 829
 830
 831
 832
 844
 849
 853
 855
 856
 857
 859
 860
 862
 864
 865
 866
 871
 873
 874
 875
 876
 877
 878
 879
 880
 882
 886
 888
 889
 890
 893
 894
 895
 907
 926
 936
 938
 957
 958
 959
 962
 973
 981
 982
 990
 992
 994
1005
1007
1008
1013
1015
1018
1022
1023
