   1
  11
  12
  27
  31
  35
  37
  44
  47
  52
  57
  71
  73
  83
 109
 110
 119
 121
 124
 126
 132
 135
 140
 147
 157
 159
 164
 174
 196
 200
 215
 244
 257
 263
 308
 309
 319
 322
 342
 347
 357
 358
 359
 364
 366
 372
 373
 378
 384
 390
 394
 396
 399
 436
 441
 445
 448
 452
 453
 455
 462
 465
 478
 481
 483
 487
 490
 493
 500
 506
 507
 520
 522
 527
 530
 540
 548
 550
 556
 560
 568
 588
 590
 592
 605
 606
 612
 617
 624
 634
 637
 640
 660
 662
 672
 688
 694
 696
 697
 698
 704
 709
 712
 715
 737
 744
 745
 746
 751
 768
 774
 786
 797
 802
 822
 828
 829
 830
 831
 832
 833
 834
 837
 844
 855
 857
 868
 873
 875
 879
 880
 884
 886
 888
 894
 895
 898
 900
 910
 914
 923
 925
 952
 957
 960
 968
 971
 989
 994
 996
1006
1009
1019
1023
