   0
   1
  18
  26
  55
  56
  59
  60
  61
  63
  64
  65
  68
  69
  71
  73
  75
  76
  77
  78
  80
  88
 115
 116
 117
 123
 125
 128
 192
 193
 194
 195
 196
 197
 202
 204
 205
 206
 208
 212
 215
 221
 240
 242
 256
 259
 261
 264
 270
 271
 275
 284
 291
 305
 306
 308
 311
 313
 316
 317
 319
 320
 321
 323
 324
 325
 326
 329
 331
 336
 342
 343
 368
 373
 374
 376
 377
 378
 379
 381
 382
 383
 384
 385
 388
 392
 394
 399
 403
 414
 445
 448
 449
 450
 453
 455
 456
 464
 511
 512
 513
 514
 521
 522
 560
 567
 572
 573
 574
 575
 576
 581
 582
 603
 631
 636
 637
 638
 639
 640
 641
 686
 687
 692
 706
 729
 731
 769
 788
 831
 832
 871
 908
 926
 981
1003
1023
