   0
   2
  45
  50
  55
  60
  61
  81
  89
  97
 109
 159
 166
 176
 182
 214
 220
 251
 257
 269
 284
 292
 317
 342
 346
 354
 367
 368
 369
 370
 373
 377
 390
 421
 436
 447
 466
 477
 478
 479
 487
 497
 522
 561
 566
 581
 586
 594
 597
 620
 623
 638
 639
 640
 687
 693
 695
 698
 704
 716
 717
 733
 738
 783
 806
 820
 831
 832
 834
 836
 837
 840
 848
 849
 864
 871
 873
 875
 878
 879
 881
 883
 886
 887
 888
 889
 892
 893
 895
 927
 931
 950
 965
 972
 983
1000
1003
1005
1006
1013
1020
1022
1023
