   0
   1
   7
  12
  24
  30
  36
  48
  49
  50
  58
  85
  95
  96
 101
 102
 105
 106
 111
 112
 114
 117
 118
 124
 127
 133
 138
 143
 146
 147
 148
 150
 153
 159
 162
 163
 164
 167
 172
 173
 174
 175
 178
 180
 185
 186
 187
 189
 192
 193
 197
 198
 201
 203
 204
 214
 231
 236
 237
 239
 244
 248
 251
 252
 253
 254
 257
 260
 261
 266
 267
 268
 271
 276
 280
 283
 285
 286
 299
 301
 305
 307
 308
 316
 319
 324
 329
 344
 345
 348
 350
 357
 378
 380
 382
 383
 388
 390
 406
 409
 412
 418
 420
 421
 423
 429
 430
 432
 439
 442
 443
 445
 455
 458
 463
 465
 466
 467
 476
 478
 479
 483
 490
 491
 493
 514
 515
 518
 519
 526
 527
 535
 538
 540
 548
 549
 551
 565
 570
 572
 575
 579
 583
 587
 601
 604
 605
 606
 607
 610
 612
 613
 614
 619
 622
 623
 625
 628
 629
 637
 638
 639
 640
 641
 642
 670
 678
 680
 681
 686
 688
 689
 693
 695
 700
 702
 703
 718
 729
 730
 735
 736
 741
 742
 743
 748
 754
 761
 762
 764
 766
 767
 768
 769
 777
 786
 788
 796
 797
 800
 801
 806
 821
 822
 823
 831
 832
 855
 856
 857
 859
 864
 878
 881
 882
 886
 894
 900
 909
 929
 940
 945
 949
 956
 958
 964
 967
 977
 980
 983
 986
 988
 996
1010
1015
1021
1023
