   0
   1
   2
   4
   5
   6
   7
   8
   9
  10
  11
  15
  16
  19
  25
  26
  35
  37
  40
  55
  58
  62
  63
  64
  65
  66
  67
  69
  70
  77
  85
  87
  91
  98
 100
 113
 115
 116
 118
 119
 121
 124
 127
 128
 129
 130
 131
 132
 133
 134
 135
 136
 137
 138
 139
 140
 141
 142
 143
 144
 145
 146
 149
 151
 158
 160
 164
 166
 167
 168
 169
 171
 176
 178
 181
 182
 184
 187
 189
 190
 191
 192
 193
 194
 195
 197
 198
 201
 202
 207
 214
 219
 222
 223
 227
 228
 229
 232
 234
 235
 251
 256
 257
 258
 259
 260
 262
 269
 272
 276
 277
 282
 285
 286
 288
 290
 292
 298
 300
 302
 306
 308
 309
 312
 314
 317
 319
 320
 321
 322
 324
 326
 328
 329
 332
 333
 334
 335
 338
 339
 340
 342
 343
 345
 347
 349
 353
 354
 355
 356
 358
 359
 360
 361
 362
 363
 366
 368
 371
 373
 374
 375
 379
 380
 382
 384
 385
 386
 388
 389
 390
 391
 392
 394
 399
 401
 406
 408
 409
 410
 412
 418
 419
 420
 422
 424
 431
 432
 434
 435
 436
 438
 439
 440
 446
 447
 448
 449
 450
 451
 452
 453
 457
 458
 462
 463
 467
 469
 470
 471
 472
 475
 476
 478
 484
 485
 486
 487
 490
 491
 495
 496
 498
 500
 503
 512
 513
 514
 515
 516
 517
 518
 519
 520
 521
 522
 523
 524
 525
 526
 527
 528
 529
 530
 532
 533
 535
 539
 542
 546
 548
 554
 555
 556
 557
 559
 560
 562
 564
 566
 567
 568
 569
 570
 571
 572
 573
 574
 575
 576
 577
 578
 579
 580
 581
 583
 584
 585
 586
 588
 591
 592
 593
 595
 596
 600
 602
 603
 604
 605
 606
 607
 611
 614
 616
 625
 629
 630
 632
 635
 637
 638
 639
 641
 646
 651
 661
 669
 672
 680
 683
 684
 685
 686
 703
 708
 709
 710
 717
 723
 728
 734
 743
 744
 748
 755
 756
 757
 763
 768
 769
 795
 798
 799
 804
 805
 807
 821
 824
 825
 828
 831
 832
 833
 842
 844
 846
 858
 874
 877
 878
 880
 882
 884
 886
 893
 897
 905
 910
 911
 919
 924
 926
 935
 941
 942
 963
 975
 979
 988
 994
 995
 997
1000
1003
1015
1018
1019
